# PRN        X (m)              Y (m)              Z (m)
C 1    -32319896.982    -39351904.011     -6152228.974
C 1    -32320028.508    -39574752.253     -6408748.842
C 1    -32320954.016    -39277424.416     -6580037.320
C 1    -32323985.648    -38506117.548     -6656582.171
C 1    -32329196.988    -37224552.259     -6625375.891
C 1    -32335017.048    -35385660.785     -6476921.548
C 1    -32339212.948    -32971578.152     -6209043.768
C 1    -32340211.794    -30011257.064     -5828327.637
C 1    -32337570.678    -26585268.579     -5350169.871
C 1    -32331922.326    -22824033.279     -4798040.137
C 1    -32324539.265    -18902983.422     -4202310.033
C 1    -32316599.370    -15037290.575     -3598912.214
C 1    -32308803.901    -11476829.786     -3027820.289
C 1    -32301396.223     -8503063.209     -2531530.239
C 1    -32294309.781     -6429376.009     -2153802.411
C 1    -32287649.703     -5602148.456     -1938520.396
C 1    -32282296.788     -6388654.259     -1927605.930
C 1    -32279832.477     -9112233.046     -2154708.021
C 1    -32281455.769    -13865311.432     -2628614.057
C 1    -32287074.016    -20188508.296     -3305188.878
C 1    -32295221.911    -26897820.222     -4072481.275
C 1    -32303624.890    -32556660.731     -4792524.809
C 1    -32310107.195    -36370145.748     -5380379.448
C 1    -32313620.299    -38464090.660     -5829588.477
C 2      4451726.986    -41572738.743     -6288482.104
C 2      4451301.707    -41340094.477     -6210465.467
C 2      4451352.271    -39279524.204     -6046179.891
C 2      4453850.474    -36288363.363     -5872967.634
C 2      4457829.467    -33622193.005     -5794569.520
C 2      4459699.835    -32049373.078     -5867653.558
C 2      4455784.401    -31729522.860     -6091863.258
C 2      4444864.978    -32461343.935     -6432353.220
C 2      4428735.730    -33907707.144     -6840601.449
C 2      4411123.435    -35715763.525     -7266279.469
C 2      4395711.275    -37569392.475     -7663300.380
C 2      4384205.142    -39210700.247     -7993049.386
C 2      4375992.353    -40448535.933     -8226188.797
C 2      4369155.048    -41162178.351     -8343730.377
C 2      4361763.033    -41303640.267     -8337728.139
C 2      4353719.498    -40899491.338     -8211688.462
C 2      4347782.136    -40052047.224     -7980681.712
C 2      4348096.624    -38937729.921     -7670867.026
C 2      4357350.767    -37799541.541     -7318082.803
C 2      4375006.711    -36930217.042     -6965292.302
C 2      4397339.967    -36636896.306     -6658259.759
C 2      4418873.844    -37164366.000     -6437580.538
C 2      4434804.383    -38540826.101     -6323963.336
C 2      4443191.375    -40347521.086     -6296875.565
C 3    -14844475.854    -40837118.590     -6356872.584
C 3    -14835713.041    -41560794.740     -6572396.269
C 3    -14817213.233    -41636751.815     -6766753.778
C 3    -14793248.190    -41484130.566     -6963684.610
C 3    -14769587.709    -41374687.907     -7172547.684
C 3    -14750749.762    -41385596.056     -7385155.810
C 3    -14738089.449    -41456378.299     -7581755.995
C 3    -22026791.885    -39613531.213     -7509011.920
C 3    -14730015.831    -41462407.153     -7738457.055
C 3    -14723522.773    -41270293.508     -7832988.738
C 3    -14716142.112    -40771703.384     -7848378.226
C 3    -14708095.551    -39900957.740     -7774914.997
C 3    -19956898.286    -37801661.066     -7598266.045
C 3    -14702647.004    -38642541.229     -7610975.696
C 3    -14703666.469    -37033919.493     -7363305.535
C 3    -14712996.878    -35166377.283     -7046988.079
C 3    -14729407.308    -33183717.411     -6684984.115
C 3    -14748984.179    -31277961.301     -6307105.596
C 3    -14766937.160    -29680381.723     -5948264.554
C 3    -14780101.524    -28645303.279     -5645881.592
C 3    -14788345.349    -28421826.360     -5436261.948
C 3    -14794127.759    -29202619.050     -5349151.965
C 3    -14800773.569    -31035972.211     -5399283.433
C 3    -14810319.329    -33709838.757     -5575620.427
C 3    -14821707.289    -36689990.844     -5835462.003
C 3    -14830659.718    -39263582.543     -6116642.846
C 4    -39600696.046    -20273578.520     -3079675.928
C 4    -39604740.475    -23095471.067     -3482068.787
C 4    -39608384.713    -25003909.855     -3791104.536
C 4    -39612698.721    -26006601.299     -3997517.257
C 4    -39618413.675    -26184905.720     -4100131.698
C 4    -39625212.878    -25638217.183     -4101696.557
C 4    -39631912.072    -24460843.732     -4007259.794
C 4    -39637053.453    -22740680.839     -3824174.034
C 4    -39639417.466    -20566431.072     -3562647.073
C 4    -39494923.703    -18370189.436     -3267459.628
C 4    -39638512.394    -18034499.122     -3236050.906
C 4    -39634818.473    -15253206.583     -2860874.958
C 4    -39629422.149    -12345042.989     -2456540.470
C 4    -39623393.127     -9447313.210     -2045053.541
C 4    -39617307.313     -6711009.362     -1650375.954
C 4    -39611078.573     -4298074.332     -1297491.204
C 4    -39604290.050     -2376911.140     -1011145.652
C 4    -39596906.747     -1116194.903      -814391.132
C 4    -39589719.340      -676839.331      -727188.276
C 4    -39584075.671     -1198279.985      -764885.933
C 4    -39581226.641     -2770144.433      -935688.977
C 4    -39581762.301     -5382599.197     -1236392.444
C 4    -39585352.133     -8866263.797     -1647301.816
C 4    -39590808.455    -12863649.696     -2130031.376
C 4    -39596617.559    -16885403.695     -2632822.555
C 5     21889960.403    -34875034.464     -5088825.316
C 5     21902792.316    -27583213.918     -4325812.397
C 5     21916360.693    -20413831.085     -3658229.063
C 5     21927893.659    -15372319.037     -3264420.671
C 5     21935993.840    -12985784.112     -3187386.396
C 5     21941271.458    -12913094.679     -3388231.488
C 5     21945894.474    -14583472.353     -3802596.380
C 5     21951834.526    -17451134.704     -4364055.445
C 5     22083203.757    -20921602.638     -4996437.728
C 5     21958744.488    -21047812.997     -5010255.581
C 5     22333155.029    -35851545.761     -7195153.636
C 5     21963646.253    -24977417.982     -5684029.843
C 5     21962741.654    -28904493.251     -6333778.034
C 5     21953415.921    -32549771.328     -6914377.572
C 5     21935606.113    -35693238.495     -7388719.532
C 5     21912480.206    -38181918.185     -7729588.459
C 5     21889477.660    -39939741.196     -7921618.453
C 5     21871947.219    -40975738.442     -7962796.193
C 5     21862912.570    -41387193.142     -7864995.102
C 5     21861849.447    -41355723.644     -7653341.073
C 5     21761222.781    -34231943.269     -6845231.064
C 5     21865312.480    -41132425.477     -7364171.889
C 5     21869415.533    -40999509.649     -7040649.524
C 5     21872145.607    -41173933.501     -6723109.252
C 5     21873884.250    -41590326.443     -6428658.780
C 5     22046271.597    -41491111.203     -6116176.831
C 5     22046191.339    -41490963.578     -6116131.995
C 5     21876582.178    -41547519.794     -6118673.043
C 5     22288112.437    -37906273.280     -5771126.466
C 5     21882426.765    -39578061.218     -5685762.095
C 6    -19744171.969     39009386.555      2541025.256
C 6    -15156321.425     40938926.764     11232470.284
C 6    -10858138.304     34064627.887     19129857.530
C 6     -7970087.539     20242433.711     25758357.308
C 6     -7244170.565      3089928.270     30711731.340
C 6     -8868717.939    -12878401.907     33649685.475
C 6    -12393991.387    -23376201.952     34333772.426
C 6    -16831323.737    -25536504.099     32685515.525
C 6    -20933671.457    -18777086.599     28820988.705
C 6    -23567089.879     -4963030.083     23029954.963
C 6    -24027907.782     12176121.036     15716077.054
C 6    -22209290.897     28078033.941      7346062.579
C 6    -18608233.277     38491961.069     -1561777.172
C 6    -14199934.060     40546625.001    -10424258.409
C 6    -10195231.827     33583606.243    -18602011.034
C 6     -7709578.673     19470555.171    -25463884.697
C 6     -7436350.902      2122537.712    -30487293.160
C 6     -9454240.597    -13677375.269    -33331347.007
C 6    -13233513.168    -23664290.075    -33842447.177
C 6    -17798987.748    -25189191.279    -32016030.727
C 6    -21972989.676    -17835269.202    -27969644.362
C 6    -24656012.833     -3537502.228    -21954353.601
C 6    -25115543.697     13852261.443    -14380486.409
C 6    -23210728.334     29589464.498     -5808122.541
C 7     -9216554.554     -3290256.221    -30704882.492
C 7    -11516890.675    -18182500.412    -32812523.672
C 7    -15283448.992    -26307259.539    -32662444.465
C 7    -19538885.101    -25445611.340    -30250206.704
C 7    -23143415.390    -15777731.195    -25723786.455
C 7    -25105943.120        88764.610    -19405967.784
C 7    -24880345.686     17826755.977    -11772974.051
C 7    -22527066.035     32650218.077     -3386570.690
C 7    -18680545.574     40647218.965      5180465.192
C 7    -14359051.023     39755031.046     13385487.843
C 7    -10695099.053     30214519.503     20720343.770
C 7     -8648348.981     14510006.724     26707513.423
C 7     -8750385.897     -3202364.303     30921335.290
C 7    -10946261.986    -18155577.122     33040831.745
C 7    -14602219.544    -26303957.880     32906053.845
C 7    -18695688.242    -25480488.135     30539464.591
C 7    -22115652.444    -15958194.709     26120679.046
C 7    -23959511.375      -302164.665     19942442.404
C 7    -23749199.860     17321883.741     12386551.711
C 7    -21543903.555     32178472.846      3929309.292
C 7    -17937251.710     40185160.302     -4851749.838
C 7    -13917267.394     39088437.266    -13309407.484
C 7    -10597189.938     29184045.685    -20805857.396
C 7     -8897593.399     13232231.680    -26802008.247
C 8    -21715504.597    -15397530.826     29878731.670
C 8    -24699687.177     -1825826.412     23576516.812
C 8    -25133121.230     14654003.340     15646245.156
C 8    -22895520.129     29608518.433      6603072.717
C 8    -18585009.803     38957706.898     -2931608.316
C 8    -13374866.684     40121989.084    -12270286.350
C 8     -8693746.679     32785077.025    -20732902.054
C 8     -5823593.877     18975384.931    -27724259.654
C 8     -5550472.568      2454368.298    -32780460.113
C 8     -7965597.046    -12329476.540    -35578597.875
C 8    -12445754.889    -21402539.504    -35934027.379
C 8    -17805634.140    -22298045.542    -33810310.673
C 8    -22600193.388    -14741903.522    -29342353.766
C 8    -25520587.686      -772729.208    -22848407.861
C 8    -25769666.947     15815140.191    -14805488.435
C 8    -23284928.264     30552881.464     -5790026.029
C 8    -18738811.869     39524857.068      3585717.459
C 8    -13341556.138     40371767.654     12713994.559
C 8     -8520823.259     32865044.063     21007079.024
C 8     -5553945.068     18975919.418     27910768.825
C 8     -5226787.443      2405667.685     32937562.913
C 8     -7609484.735    -12380800.957     35720400.415
C 8    -12032719.038    -21392379.015     36061599.691
C 8    -17283256.846    -22224023.520     33949389.840
C 9     -9317809.512     29715575.334    -13733304.607
C 9     -5623962.564     40031428.987     -5106147.705
C 9     -1005047.797     41965295.746      3823184.613
C 9      3314947.033     35073380.151     12451010.026
C 9      6203352.646     21229902.467     20231859.510
C 9      6904951.986      4089981.108     26681280.395
C 9      5236658.674    -11819804.593     31374364.007
C 9      1653753.688    -22238397.078     33969520.028
C 9     -2851829.299    -24330769.475     34258432.445
C 9     -7024971.126    -17525845.573     32211684.635
C 9     -9714375.080     -3689864.975     27985014.293
C 9    -10198241.925     13434903.722     21882484.460
C 9     -8364471.777     29273030.449     14308172.297
C 9     -4720976.647     39593530.546      5740242.820
C 9      -260299.483     41580349.617     -3268912.748
C 9      3793245.397     34618836.734    -12096056.628
C 9      6314857.057     20564935.536    -20088604.223
C 9      6602462.232      3284298.079    -26646362.162
C 9      4573904.164    -12472110.613    -31302861.468
C 9       768696.679    -22436962.345    -33761902.774
C 9     -3818203.442    -23955567.918    -33886071.572
C 9     -7994266.505    -16622381.399    -31673879.387
C 9    -10660182.446     -2378452.963    -27259442.027
C 9    -11092875.754     14947604.390    -20932750.990
C 0      5802694.491     14470662.267    -21299477.371
C 0      5149207.028     -2531333.268    -28374675.550
C 0      2530479.088    -16162199.478    -33179059.610
C 0     -1377533.764    -22704621.658    -35169091.351
C 0     -5562590.141    -20374376.917    -34099928.033
C 0     -8922480.889     -9778059.668    -30068685.384
C 0    -10546797.728      6196557.719    -23527799.906
C 0     -9976096.874     23122791.998    -15232768.381
C 0     -7348636.791     36287780.023     -6102513.352
C 0     -3363989.650     42041056.728      2966645.737
C 0       920594.790     38763434.712     11254152.310
C 0      4378764.775     27217270.640     18282038.629
C 0      6104307.195     10308562.818     23799632.411
C 0      5645882.896     -7621775.340     27723848.870
C 0      3139805.041    -21874168.660     30071655.136
C 0      -710098.712    -28651725.865     30901098.651
C 0     -4826786.308    -26148909.719     30263714.723
C 0     -8075416.142    -15062209.651     28171415.232
C 0     -9584580.579      1651969.696     24588491.062
C 0     -8968184.541     19613849.318     19463590.042
C 0     -6407889.813     34145010.375     12807269.427
C 0     -2602045.410     41443521.996      4797245.889
C 0      1408323.153     39611391.833     -4134656.667
C 0      4516280.288     29255633.656    -13290128.373
C 1    -22355976.193     23472065.446    -10681800.653
C 1    -18289129.611     20007144.222    -18710327.821
C 1    -14893064.201      6243810.119    -22815615.416
C 1    -13700795.920    -10985024.425    -21755364.628
C 1    -14527489.807    -23162755.059    -15385038.442
C 1    -15635288.453    -24493809.602     -4924343.624
C 1    -14748683.104    -15024866.753      7110534.344
C 1    -10359088.575      -525310.203     17608662.403
C 1     -2574285.410     10825289.127     23764654.717
C 1      6799424.298     12759503.305     23820876.190
C 1     15036505.793      4307598.431     17693049.482
C 1     19908144.930     -9602501.760      7083710.533
C 1     20794134.707    -20907845.064     -5139956.737
C 1     18845924.955    -22730383.577    -15791171.497
C 1     16313141.390    -13170858.397    -22206856.501
C 1     15301678.904      3427692.058    -23045228.458
C 1     16573002.507     18870639.399    -18523185.991
C 1     19123560.537     25483072.503    -10047562.279
C 1     20743014.025     20116743.533       266017.128
C 1     19274100.015      5968510.095     10136288.906
C 1     13832142.621     -9178469.925     17671718.406
C 1      5292476.113    -17155852.896     21580450.523
C 1     -4030126.497    -13591118.354     21157189.893
C 1    -11446120.463      -299483.515     16393650.345
C 2    -14374486.547     16098826.445    -21556296.490
C 2     -8732899.515      1752353.388    -22142281.837
C 2     -5640631.727    -15163855.326    -17747369.917
C 2     -4865820.344    -26137595.616     -8985676.948
C 2     -4678907.577    -25794355.280      2327799.449
C 2     -2880155.085    -14781289.781     13489510.058
C 2      1919919.459       738964.722     21617423.317
C 2      9443668.944     12471655.847     24423900.414
C 2     17742652.218     14379555.449     20945381.369
C 2     24147321.912      5971703.470     11991940.841
C 2     26647634.580     -7474547.993       -61624.022
C 2     24861796.915    -17845885.936    -11999253.256
C 2     20186644.038    -18581254.337    -20662768.588
C 2     15069091.872     -8366197.795    -23898669.195
C 2     11669527.752      8051768.506    -21172045.279
C 2     10710242.773     22438830.337    -13514348.563
C 2     11167296.303     27415347.656     -3052940.657
C 2     10907135.955     20443837.889      7630439.981
C 2      7927320.871      5277559.719     16220265.094
C 2      1512391.987    -10099509.131     21140362.320
C 2     -7270171.515    -17660711.085     21642822.458
C 2    -15976140.535    -13536681.277     17774644.655
C 2    -22002536.124      -150922.258     10315495.168
C 2    -23916490.596     15101659.615       623442.565
C 3     -4427412.254    -24689407.173     32765413.611
C 3     -8591811.380    -15571943.532     30778453.138
C 3    -10890998.896      -307587.834     27148694.886
C 3    -10720379.670     17105498.332     21849070.981
C 3     -8131174.713     32113032.218     14921218.070
C 3     -3822071.379     40785107.251      6572507.263
C 3      1036024.469     40891278.627     -2752960.167
C 3      5115173.519     32552884.856    -12371492.355
C 3      7300282.162     18212635.953    -21434965.575
C 3      6993804.027      1916281.458    -29054607.633
C 3      4266525.106    -11828313.627    -34430112.233
C 3      -168631.894    -19253931.396    -36960579.741
C 3     -5138437.834    -18315722.924    -36335638.611
C 3     -9308875.387     -9249163.439    -32601119.390
C 3    -11543167.836      5456104.209    -26174930.770
C 3    -11224233.878     21724631.585    -17784893.703
C 3     -8433082.747     35043805.876     -8329843.291
C 3     -3919499.522     41717739.430      1288311.215
C 3      1112568.747     39839622.229     10300961.996
C 3      5328317.297     29758853.546     18142651.142
C 3      7609470.245     13992740.078     24459676.346
C 3      7351447.427     -3391457.182     29080146.033
C 3      4636269.049    -17825108.402     31965248.633
C 3       217492.431    -25483031.120     33151346.555
C 4    -15947341.015     -8631201.914     22127087.061
C 4    -19374215.493    -21455351.521     17506308.094
C 4    -23095883.521    -23347576.428      9351064.780
C 4    -24823869.666    -13728112.177      -448152.928
C 4    -22801510.718      1945839.579     -9902743.168
C 4    -25367945.753      8511449.073     -9226928.605
C 4    -16814987.975     15003886.900    -17232929.719
C 4     -8363952.128     18223142.275    -21101987.073
C 4        86715.371      9649462.439    -20717058.923
C 4      6285686.107     -6374204.107    -15937207.597
C 4      9277425.435    -21439902.280     -7470979.430
C 4      9839271.881    -27611366.855      3068995.407
C 4      9939522.877    -21659171.035     13390066.546
C 4     11542692.605     -6672769.206     20944758.061
C 4     15447316.972      9591944.087     23587739.905
C 4     18807262.581    -22730602.632    -15864527.217
C 4     20784414.624     18915496.813     20332539.382
C 4     25445456.283     17049466.395     11771430.755
C 4     27155350.553      5853121.826         -854.765
C 4     24664893.117     -7765319.211    -11874015.253
C 4     18471460.383    -15609455.728    -20626376.817
C 4     10580353.500    -12731687.802    -23953880.241
C 4      3471118.155      -124424.344    -21108892.286
C 4     -1106525.104     15742266.742    -13037868.175
C 4     -2967173.802     26333789.971     -2053750.724
C 4     -3509009.313     25750568.469      8958723.773
C 5      8180411.196    -13109898.631    -12646217.342
C 5     10159810.599     -1030547.851    -16541612.017
C 5     -7679198.510      9616795.700     20447810.449
C 5     -7349230.297      -677859.332     21248781.084
C 5     16338856.784    -26036786.017    -15116473.587
C 5      7329258.524    -20496523.655    -17110064.742
C 6    -17111608.142     38239590.718      -683810.736
C 6    -15888893.955     40060820.289      1950383.822
C 6    -12473631.151     41437843.292      8255474.231
C 6     -8021856.600     35754852.046     16646166.751
C 6     -4943847.173     22695287.696     23919367.845
C 6     -4059553.106      5757285.726     29568592.167
C 6     -5595392.459    -10494577.760     33195397.374
C 6     -9122458.274    -21678923.602     34548551.465
C 6    -13680366.180    -24797145.820     33541867.808
C 6    -18043324.501    -19027435.270     30249338.062
C 6    -21045867.257     -5921215.558     24889939.164
C 6    -21885407.646     11008945.405     17814587.599
C 6    -20334382.727     27202366.024      9495435.739
C 6    -16809226.896     38265348.052       505946.789
C 6    -12266458.084     41184426.450     -8519411.775
C 6     -7943086.281     35173336.279    -16943002.942
C 6     -5015901.381     21879022.390    -24181885.833
C 6     -4283154.625      4902891.777    -29748691.247
C 6     -5954627.713    -11183582.529    -33273247.486
C 6     -9595409.160    -22048988.320    -34516168.411
C 6    -14234526.045    -24750764.814    -33385464.639
C 6    -18619673.674    -18543327.600    -29954024.053
C 6    -21559681.713     -5103249.406    -24464351.657
C 6    -22256875.708     11930346.995    -17309120.430
C 6    -20525312.560     27969559.189     -8990548.384
C 8      7340061.984    -36534231.673     -4225649.002
C 8      7339437.343    -38504421.323     -4432314.754
C 8      7336975.947    -40130888.970     -4583287.200
C 8      7333050.125    -41266127.857     -4668281.342
C 8      7328378.471    -41835049.000     -4681507.469
C 8      7324046.718    -41837572.140     -4622060.425
C 8      7321092.104    -41349307.252     -4493992.187
C 8      7320186.545    -40519446.477     -4306044.390
C 8      7321414.728    -39564430.592     -4071058.831
C 8      7323962.363    -38753574.672     -3805102.950
C 8      7326630.192    -38377494.324     -3526380.563
C 8      7328709.909    -38678591.844     -3254000.761
C 8      7329678.078    -39710921.017     -3006661.558
C 8      7329135.944    -41127239.478     -2801355.890
C 8      7327261.972    -42054560.303     -2652196.586
C 8      7324927.788    -41460138.430     -2569429.728
C 8      7322984.471    -39059282.846     -2558722.279
C 8      7321919.482    -35726876.557     -2620782.527
C 8      7321963.316    -32743781.206     -2751319.191
C 8      7323078.622    -30923421.340     -2941340.852
C 8      7325145.366    -30452511.628     -3177769.470
C 8      7328143.215    -31137121.976     -3444336.406
C 8      7331627.728    -32638162.538     -3722733.811
C 8      7334502.060    -34596716.754     -3993900.386
C 9     11995297.226     -4051299.757    -21728255.188
C 9     15836936.244     12246973.886    -22558485.724
C 9     21060240.567     20870352.748    -18119587.846
C 9     25501069.676     17815336.773     -9453927.603
C 9     26890625.820      5383839.598      1415917.225
C 9     24056341.938     -9109359.066     11961650.336
C 9     17578777.613    -17277881.749     19719477.162
C 9      9536308.698    -14212705.822     22880468.900
C 9      2441422.675     -1141120.984     20719768.126
C 9     -2015346.854     15242667.603     13739080.415
C 9     -3747604.496     26323825.583      3556302.634
C 9     -4209560.852     26177374.394     -7451245.204
C 9     -5505501.259     14769310.890    -16718219.209
C 9     -9142620.754     -2043223.869    -22091806.368
C 9    -15103989.038    -15624351.595    -22311830.037
C 9    -21751101.339    -19161295.992    -17320437.559
C 9    -10623808.431      6307067.389     25001886.060
C 9    -26636054.155    -11335348.638     -8289639.344
C 9    -27764467.318      3014046.699      2674639.370
C 9    -24620236.467     15532156.472     13021390.927
C 9    -18445813.215     18851295.521     20332295.345
C 9    -11604040.271     10600524.184     22904679.055
C 9     -6341290.325     -5310148.664     20150585.788
C 9     -3658912.390    -20782416.578     12707856.660
C 9     -2880885.980    -27816166.249      2303225.906
C 0     17232457.050     17477367.395    -19153475.356
C 0     19833341.675     25184723.421    -11370404.166
C 0     21660765.860     20799816.802     -1474379.853
C 0     20587839.432      6988024.930      8359789.197
C 0     15603520.562     -8633416.216     16228550.670
C 0      7430040.907    -17543850.315     20728039.203
C 0     -1749619.422    -14841572.267     21052242.308
C 0     -9359304.125     -1878456.633     17070741.703
C 0    -13711620.218     14488907.446      9381632.081
C 0    -14776603.159     25555503.963      -663164.555
C 0    -14072292.379     25355228.206    -11022545.268
C 0    -13757475.772     13835107.326    -19283958.942
C 0    -15386756.435     -3157124.042    -23249505.775
C 0    -19004076.728    -17047676.389    -21590308.583
C 0    -23065575.242    -21089092.937    -14374408.951
C 0    -25247301.984    -13950191.052     -3254477.288
C 0    -23711759.088      -377636.517      8897081.044
C 0    -18119542.758     11481164.425     18817179.603
C 0     -9865282.857     14540274.233     23817290.701
C 0     -1426861.625      6655701.856     22603067.671
C 0      4876058.296     -8162394.575     15657163.226
C 0      8028723.807    -21925870.872      4998618.225
C 0      8730353.858    -26970701.950     -6511461.220
C 0      8893163.150    -20105511.759    -16015619.255
C 1    -12337652.825    -27363161.518      4812755.569
C 1    -12119185.762    -21631973.799     -5742342.615
C 1     -9377126.720     -6875855.872    -14610229.073
C 1     -3279196.265      9077441.265    -20106135.386
C 1      5298455.008     17824853.239    -21363855.169
C 1     14115182.495     14837206.955    -18302501.821
C 1     20634739.164      1879518.091    -11536407.635
C 1     23288468.478    -13906504.268     -2289901.101
C 1     22229093.510    -23832938.489      7717276.380
C 1     19156120.256    -22285770.691     16446383.939
C 1     16346449.959     -9691568.276     21854042.883
C 1     15405504.360      7715662.314     22392096.355
C 1     16398215.424     21258800.181     17539520.303
C 1     17837580.565     24436294.511      8130933.046
C 1     17529993.594     16314450.665     -3665837.121
C 1     13827254.785      1963610.061    -14819447.778
C 1      6602772.330    -10348827.707    -22298975.437
C 1     -2585586.261    -13683771.098    -24009535.945
C 1    -11206349.881     -6184321.261    -19451173.741
C 1    -16979422.720      7900288.478     -9900940.032
C 1    -18996583.902     20517046.563      1989353.057
C 1    -18104530.280     24221409.296     13052993.019
C 1    -16340784.752     16246328.103     20549318.862
C 1    -15761144.604        79862.347     22869999.016
C 2      -250558.679    -20938390.346    -12106101.033
C 2      2588672.674     -5369612.400    -19170463.091
C 2      8195010.008     10909256.979    -21818562.411
C 2     15639389.207     19584215.332    -19827364.523
C 2     22701420.070     16410728.615    -13857298.557
C 2     26961886.016      3452647.081     -5173118.564
C 2     27020145.998    -11992125.705      4576928.392
C 2     23220191.897    -21266781.647     13548584.029
C 2     17447623.532    -19004456.182     19930526.948
C 2     12108922.450     -5962862.161     22221828.416
C 2      8883401.691     11394777.757     19585869.807
C 2      7887093.928     24329212.027     12231109.458
C 2      7685598.556     26497324.401      1589191.320
C 2      6162166.387     17271419.777     -9880290.335
C 2      1766424.982      1970199.913    -19236094.580
C 2     -5526635.613    -11032284.382    -23870909.766
C 2    -14086226.841    -14854614.380    -22367582.092
C 2    -21399717.030     -7822487.656    -15008685.432
C 2    -25302884.545      5678590.395     -3738246.529
C 2    -25043200.644     17593366.944      8386527.870
C 2    -21635933.142     20616295.545     18129401.692
C 2    -17272460.322     12238923.532     23063126.876
C 2    -14112508.930     -3840206.533     22196333.894
C 2    -13141360.673    -19624428.717     16099481.924
C 3     -2413057.709    -13135861.108    -23966249.733
C 3    -11442192.466    -12676285.415    -21896272.296
C 3    -18671075.767     -2250722.055    -14106164.355
C 3    -22296429.960     12034335.847     -2736273.842
C 3    -22125652.154     21804678.664      9124601.666
C 3     16838303.837     15441876.881    -11878686.823
C 3    -19587978.787     20989598.289     18378547.141
C 3    -16905130.725      9185498.909     22814217.785
C 3    -15853729.258     -8046093.562     21649144.023
C 3    -16793899.974    -22112533.645     15557592.433
C 3    -18488107.700    -25947649.958      6285561.753
C 3    -18802330.155    -17804016.441     -3931150.940
C 3    -15913900.781     -2230916.905    -12941733.001
C 3     -9368422.498     12334998.834    -19070559.974
C 3      -424949.166     18043755.186    -21277855.344
C 3      8496561.405     11808968.927    -19197702.527
C 3     14998775.962     -3030527.453    -13152356.487
C 3     17881836.703    -18501017.424     -4158262.900
C 3     17664618.366    -26242389.906      6106875.514
C 3     16198944.137    -21940578.150     15468004.069
C 3     15591968.376     -7610823.663     21652802.422
C 3     17008382.340      9523225.172     22885783.066
C 3     20003629.280     20916325.861     18482680.873
C 3     22745341.167     21233295.529      9230178.255
C 3     23008416.085     11153205.959     -2648644.740
C 4    -27170787.910     -7545712.232     -1729453.467
C 4    -25292562.636      6285026.559     10312140.358
C 4    -19562328.055     15289109.986     19647995.438
C 4    -11812736.388     13860832.583     23803046.117
C 4     -4530601.683      2187169.731     21794147.384
C 4       381313.587    -13783426.348     14373591.107
C 4      2539021.857    -25540264.952      3700678.532
C 4      3171165.959    -26618054.009     -7417190.134
C 4      4329487.874    -16080821.072    -16341243.845
C 4      7666347.367       886628.422    -21225776.157
C 4     13437014.483     15674264.418    -21337240.965
C 4     20269141.142     20837638.706    -17002942.826
C 4     25805156.612     14036971.969     -9322426.308
C 4     27887286.574      -702446.888       132205.920
C 4     25691569.181    -15099078.294      9567263.410
C 4     20160946.116    -21063230.679     17194732.192
C 4     13492470.200    -15004058.999     21436846.661
C 4      8004460.697       279557.767     21180809.498
C 4      4964461.946     17073088.795     16126209.540
C 4      3982345.099     26882393.307      7060692.267
C 4      3321969.885     24937298.090     -4128217.434
C 4       952024.104     12639750.292    -14760860.165
C 4     -4240052.864     -3232355.535    -22011241.478
C 4    -11733707.263    -14211155.738    -23771148.225
C 5    -20609177.527    -14362265.553    -18477170.960
C 5    -25835144.229     -4042805.134     -8504582.778
C 5    -27036153.095      9782260.424      3679849.964
C 5    -24250755.934     18775208.921     14778368.670
C 5    -19131598.063     17196951.116     21886078.499
C 5    -14038909.705      5069025.829     23320625.426
C 5    -10800013.538    -11760536.903     19009492.643
C 5     -9776904.616    -24701941.847     10370161.499
C 5     -9736706.190    -27049223.375      -255385.797
C 5     -8603580.369    -17586467.916    -10340337.740
C 5     -4679469.583     -1274026.952    -17780826.191
C 5      2323235.734     13329325.926    -21254105.033
C 5     11010814.595     18617947.642    -20319273.618
C 5     18946585.297     11989384.987    -15314260.986
C 5     23834032.980     -2782882.868     -7201866.485
C 5     24645095.187    -17533310.182      2538704.563
C 5     22107246.079    -24061286.723     12043780.871
C 5     18251418.368    -18515523.874     19303702.494
C 5     15278692.243     -3408803.246     22523481.078
C 5     14377452.997     13732268.921     20599687.410
C 5     15107784.952     24383005.749     13589744.249
C 5     15683302.679     23568009.417      2913876.190
C 5     13998412.005     12432693.185     -8865208.501
C 5      8848241.320     -2463799.301    -18659665.017
C 6    -18261473.360      5478839.899     14850747.977
C 6    -10705340.652     15347666.763     21221190.391
C 6     -1654205.843     14342156.289     22645108.279
C 6      6327872.329      2806919.364     18786393.101
C 6     11342751.528    -13101613.963     10554895.636
C 6     13077512.202    -24754952.448      -124651.232
C 6     12837621.322    -25679319.280    -10779546.463
C 6     12724384.287    -15002567.432    -18931959.751
C 6     14417054.527      2020650.580    -22673382.452
C 6     18195087.680     16811932.895    -21135230.051
C 6     22729337.872     22061072.370    -14673107.424
C 6     25747088.125     15580759.572     -4779015.805
C 6     25244545.375      1482827.379      6233149.363
C 6     20600547.231    -12045672.622     15781668.984
C 6     12940569.772    -17211936.324     21647426.864
C 6      4592459.302    -10805885.568     22466867.654
C 6     -2050643.346      4053109.509     18045428.374
C 6     -5717278.730     19561168.371      9425446.904
C 6     -6839836.579     27450733.899     -1380326.163
C 6     -7188366.434     23396123.603    -11870524.883
C 6     -8795212.255      9315972.677    -19603206.851
C 6    -12756906.687     -7600903.461    -22768181.114
C 6    -18555096.980    -18755391.610    -20632041.492
C 6    -24256164.215    -18731210.302    -13687736.033
C 7      7022894.763     -6964279.562     22463878.462
C 7      1746748.866      9356160.617     17668431.938
C 7      -737620.355     23398705.418      8749664.013
C 7     -1411467.846     27779075.407     -2207237.792
C 7     -2300571.730     20170034.894    -12644453.528
C 7     -5268547.876      4524962.008    -20140048.732
C 7    -10897784.117    -11045116.919    -22951058.498
C 7    -18060732.031    -18581312.706    -20416682.396
C 7    -24433855.461    -14543792.265    -13128961.992
C 7    -27675673.831     -1687759.863     -2784303.123
C 7    -26616748.451     12454535.228      8214728.179
C 7    -21859896.627     19625956.920     17299195.826
C 7    -15468376.412     15327792.379     22342390.084
C 7     -9872461.840      1279568.893     22173321.123
C 7     -6608882.316    -15499453.785     16833730.134
C 7     -5580665.382    -26417159.832      7565466.356
C 7     -5203551.161    -25901701.447     -3463802.710
C 7     -3360305.798    -14395494.500    -13681183.757
C 7      1349949.766      1921056.567    -20716598.483
C 7      8738197.724     14440561.459    -22932530.372
C 7     16999464.588     16718141.411    -19807117.409
C 7     23580204.979      7936652.773    -12070766.048
C 7     26461295.180     -6682312.115     -1523075.285
C 7     25151558.761    -18706531.272      9385376.975
C 8    -10285033.476     10379403.726     12589194.187
C 8    -12539212.822     23360748.109      2135069.589
C 8    -12480685.774     26457503.160     -8821588.779
C 8    -12190164.760     17661304.840    -17719517.519
C 8    -13548870.519      1247423.892    -22480596.979
C 8    -17140631.230    -14519946.944    -22000086.115
C 8    -21870720.438    -21795023.248    -16389464.414
C 8    -25508467.058    -17318962.078     -6956321.696
C 8    -25875507.408     -4152412.164      4094030.564
C 8    -22027767.913     10014148.325     14188433.097
C 8    -14788894.379     17025242.313     20982739.602
C 8     -6376927.976     12644984.075     22891837.362
C 8       694298.577     -1133468.769     19468248.183
C 8      4874183.052    -17139309.406     11511532.614
C 8      6295017.726    -26868563.687       870659.753
C 8      6574531.843    -25026163.370     -9977747.245
C 8      7829074.838    -12387409.934    -18496932.586
C 8     11424988.687      4595840.339    -22698418.217
C 8     17144409.974     17266341.982    -21607917.987
C 8     23212895.438     19375852.272    -15478365.567
C 8     27182004.223     10406125.135     -5739226.052
C 8     27211630.548     -4171106.040      5333017.849
C 8     23042980.628    -15882474.159     15161554.301
C 8     16138640.731    -17828578.244     21463594.064
C 9     20886870.015    -22254618.049      4601017.889
C 9     18954961.649    -23766212.740     14590264.777
C 9     16666774.711    -13654667.638     21178643.128
C 9     15924984.016      3281357.888     22831737.411
C 9     15915161.777      7315096.870     22823179.521
C 9     17273007.492     18607181.811     19163638.932
C 9     19595931.743     24741445.503     11027940.444
C 9     20738702.890     18996876.392       321749.772
C 9     18709171.895      4994397.620    -10458955.835
C 9     12816206.087     -9311329.214    -18802236.803
C 9      4130969.584    -15922791.406    -22763518.579
C 9     -4981312.892    -11109137.929    -21419770.668
C 9    -12017562.500      2581587.299    -15085413.653
C 9    -15559963.524     17692126.939     -5236053.997
C 9    -15915588.171     25861058.230      5834193.795
C 9    -14841102.493     22322495.781     15544657.560
C 9    -14502870.849      8487070.405     21631925.866
C 9    -16233682.937     -8794060.713     22678327.980
C 9    -19758917.590    -20876672.692     18439090.337
C 9    -23310207.646    -21927879.835      9901191.915
C 9    -24569043.394    -12029114.278      -944387.669
C 9    -21914267.986      2956946.026    -11607024.296
C 9    -15420190.999     14313758.431    -19498422.369
C 9     -6733176.905     15650738.510    -22883055.345
C 9      1566181.514      5881238.140    -20934994.963
C 0     20050860.316    -21750202.964     17476051.702
C 0     15099187.547    -11354062.366     21950810.382
C 0     11851367.808      5668633.670     21656713.291
C 0     10879313.582     20792403.731     16269820.969
C 0     11095918.824     26570139.973      6702966.837
C 0     10422008.572     20540054.549     -4919810.612
C 0      7002739.298      6468292.003    -15682691.600
C 0       316292.855     -7736590.228    -22669082.287
C 0     -8435180.732    -14346287.461    -23867514.625
C 0    -16850710.452     -9984513.615    -18834985.700
C 0    -22490022.155      2567603.664     -8892733.758
C 0    -24084305.861     15889824.656      3243060.817
C 0    -22139528.271     21999418.183     14312326.522
C 0    -18587148.666     16733630.846     21499706.285
C 0    -15699787.695      2068660.252     23195109.192
C 0    -14857652.315    -14848378.153     19328941.420
C 0    -15815094.738    -25498540.999     11209272.782
C 0    -16867821.850    -24552386.346       976653.911
C 0    -15826606.207    -12720415.984     -9034847.358
C 0    -11276297.538      3575114.455    -16810977.626
C 0     -3437714.821     15590083.565    -20969674.455
C 0      5848659.384     16920904.425    -20860325.578
C 0     13989379.746      6898999.329    -16535546.765
C 0     18896304.249     -9043316.622     -8727218.518
C 1     17054489.923    -25273795.699    -17115325.385
C 1     12145839.055    -22746644.580    -17526892.582
C 1     18972610.002       246658.643    -13614356.665
C 1     17163626.117    -24398327.621    -15103588.155
C 2     12510129.341     27312246.100     -4700276.265
C 2     12274672.727     21485890.347      5752730.814
C 2      9502865.586      6673925.580     14609878.326
C 2      3365815.330     -9242893.409     20101221.272
C 2     -5232436.204    -17867598.419     21357405.425
C 2     15455435.479     16414124.609    -19953619.995
C 2     18337437.091    -25007111.687    -15716678.213
C 2     19462514.304    -20923846.884    -18449398.684
C 2    -14037728.149    -14741387.157     18304051.869
C 2    -20535487.743     -1705201.847     11554036.789
C 2     12145839.055    -22746644.580    -17526892.582
C 2    -23181347.981     14077578.862      2316337.284
C 2    -22136020.342     23927817.850     -7691896.781
C 2    -19103276.913     22276969.791    -16424490.762
C 2     -7580772.836      -943923.321     21323755.100
C 2    -16354145.004      9612365.404    -21839625.324
C 2    -15475815.901     -7805670.548    -22383001.421
C 2    -16514928.787    -21286687.530    -17520915.676
C 2    -17972834.517    -24347715.148     -8097182.988
C 2     26801717.336     11780867.516      4143444.356
C 2    -17641613.216    -16072110.724      3762071.858
C 2    -13879231.734     -1698434.910     14900060.231
C 2     -6601741.969     10511422.504     22340960.369
C 2      2593515.538     13662973.672     23997574.149
C 2     11098896.070      6053242.966     19433463.661
C 2     16840771.864     -8075779.963      9889287.039
C 2     18849306.568    -20656333.223     -1989308.441
C 2    -12446454.356     -4416796.630     32707561.202
C 2     17976427.450    -24267197.348    -13039133.721
C 2     16258605.025    -16199134.152    -20522173.965
C 2     15741946.915         8380.380    -22841562.940
C 3    -12021468.831      1930021.194     21997284.109
C 3    -15898650.858    -14325748.116     21365054.401
C 3      6991651.362      -386650.589    -21187505.911
C 3    -21133486.422    -22404347.876     16174601.218
C 3      9657933.608     11717960.286    -21852380.248
C 3    -25561476.483    -18473436.288      7809125.073
C 3    -26918005.008     -4988106.710     -1971072.498
C 3    -24072428.214     10272844.368    -11135099.079
C 3    -17596283.437     19000553.865    -18130151.019
C 3     -9566995.677     16109018.028    -21530637.471
C 3    -14710152.645      6478205.685     12645522.979
C 3     -2493760.575      2808916.634    -20497634.170
C 3     -7347230.097     10085076.744     20211898.397
C 3      1939802.769    -14128881.143    -14950533.245
C 3      3667088.132    -25973471.978     -5757178.211
C 3      4154635.476    -26655369.506      5227791.425
C 3      5517961.886    -15938550.964     15481925.465
C 3      9182039.929       318422.512     22215914.015
C 3     15166608.986     13742945.764     23569106.552
C 3     21810924.970     17566650.045     18867269.072
C 3     26673274.513     10441738.160      9170021.361
C 3     27773649.613     -2938224.240     -2993936.920
C 3     24618483.126    -14460115.247    -14359329.079
C 3     18455906.886    -17032287.699    -21894933.305
C 3      2137245.570     16764704.482    -12125970.678
C 3      3740694.725     21907744.348    -10760921.632
C 3      2958528.993     27897747.046       213980.074
C 4    -20244563.676     21939156.210    -17235799.565
C 4    -15309463.722     11807676.800    -21845133.008
C 4    -12027896.825     -5148728.557    -21722455.181
C 4    -11006979.655    -20449361.578    -16497207.869
C 4    -11201835.574    -26536002.144     -7030715.375
C 4    -10542185.137    -20728211.749      4627727.119
C 4     -7161858.690     -6747311.077     15440616.291
C 4      -513582.017      7542260.025     22543079.391
C 4      8229322.872     14350741.178     23890497.889
C 4      6856069.801     -7247227.321    -15440681.167
C 4     -7401921.791     10006718.940     20252055.763
C 4     16601585.588     10223600.539     19036709.584
C 4     22331407.082     -2228901.006      9222620.111
C 4     24048456.107    -15659020.364     -2866641.011
C 4     22212266.307    -22048086.620    -13995204.501
C 4     18712936.652    -17083315.233    -21322085.876
C 4     15820374.304     -2584861.485    -23194102.440
C 4     14942549.047     14397347.346    -19499043.995
C 4     17031839.534     25118133.672     -6951386.720
C 4     16944979.272     24695052.679     -1298676.940
C 4     15969564.192     13064243.153      8740947.399
C 4     11511114.885     -3235457.398     16595557.729
C 4      3740719.136    -15454109.122     20872598.565
C 4     -5538879.845    -17068594.484     20896710.674
C 4    -13731430.078     -7256731.256     16700854.971
C 4    -18731343.312      8655295.464      9004326.999
C 5      9581683.728    -10079570.058    -13398604.134
C 5     11768728.701    -23635871.982     -4079398.664
C 5     11772228.788    -27103358.707      6585834.814
C 5     11687374.760    -18600520.176     16207102.222
C 5     13339725.298     -2485538.012     22339254.640
C 5     17212500.028     12996495.732     23155834.859
C 5     22121219.245     20145849.346     18115521.789
C 5     25815701.700     15931426.133      8281708.633
C 5     26160576.286      3511372.109     -3875318.079
C 5     22225861.677     -9600119.307    -15165998.289
C 5      8368117.739      1669520.539    -21431931.155
C 5     15076435.380    -15400022.255    -22404272.004
C 5     -3721372.982      8471069.915    -15809015.207
C 5     -4092140.008     18759622.844     -9790630.502
C 5     -5457999.627     27082737.485      1626309.780
C 5     -5827054.861     23719586.295     12187704.807
C 5     -7300535.077     10009514.558     19484352.480
C 5    -11172067.817     -7239957.246     22135549.990
C 5    -17121472.131    -19312891.800     19929878.239
C 5     14559180.963     10483446.767    -21829768.462
C 5    -23303356.292    -20235250.604     13666501.968
C 5    -27284192.807     -9968360.942      4795895.291
C 5    -27268876.742      5680603.425     -4984095.775
C 5     17575635.277    -24373183.386    -14130779.829
C 5    -23133815.213     17776065.327    -13701929.329
C 5    -16339685.597     19651759.776    -19814289.320
C 6     20933472.159     16233933.623     17057271.602
C 6     26069650.052      5267522.253      7976693.472
C 6     27186188.227     -9555656.635     -2951662.893
C 6     24299238.466    -19665022.656    -13190065.043
C 6     19026997.026    -18984519.361    -20360119.425
C 6     13735994.448     -7226171.412    -22772329.733
C 6      9830523.400     13825599.782    -18409063.806
C 6      9052602.401     26441206.504     -8449168.729
C 6      8989786.486     27088861.806     -1889142.169
C 6      4747972.664    -14700132.644    -16357474.121
C 6      7837979.966     18682802.840      8984126.954
C 6      3966799.838      3093022.787     17757568.126
C 6     -2935652.873    -11288857.720     22395635.011
C 6     -2190516.393     14099917.479    -22300110.410
C 6    -11528190.427    -16897006.267     21834626.771
C 6    -19397213.300    -10982804.487     16195415.990
C 6    -24222069.816      2902990.421      6786247.737
C 6    -24953380.048     16811682.654     -4193149.737
C 6    -22298043.775     22714984.907    -14195131.017
C 6    -18265750.348     16806077.202    -20893428.731
C 6    -15076565.770      1598985.290    -22707538.337
C 6    -13966954.873    -15348870.320    -19212987.431
C 6    -14536319.036    -25523288.650    -11236721.599
C 6    -15013589.260    -23944236.091      -576476.423
C 6    -13278901.677    -11879961.965     10176845.034
C 6     -8134338.507      3865106.526     18551696.196
C 7      9810606.780    -15235802.146    -21393713.949
C 7      5302100.475      2078005.899    -21453600.202
C 7       684608.810    -14285039.312    -22567616.944
C 7     -7324107.766     -2800680.657    -18464357.790
C 7      3254012.798     14876013.030    -22849608.918
C 7    -12310133.934     13049410.488    -10050703.406
C 7     20280815.101    -23709937.236    -14301549.812
C 7    -13964938.265     24623966.341       705748.820
C 7    -13600610.164     25444869.995     11306028.299
C 7    -13326777.374     14673608.840     19272426.106
C 7    -14829520.928     -2385449.715     22744560.389
C 7      5427713.415    -10805665.530    -18107022.873
C 7    -18394037.279    -17153951.485     20930260.483
C 7      8821183.221      2951266.270    -22023223.508
C 7    -22699909.086    -22355868.240     14252564.205
C 7    -25488198.395    -15833659.245      4253422.486
C 7      3995562.087     13381139.624    -22671637.297
C 7    -24775529.103     -1711251.423     -6732063.019
C 7    -19952759.538     11844144.135    -16141767.086
C 7    -12141382.822     17054279.250    -21793394.319
C 7     -3672820.536     10695740.703    -22360467.490
C 7      3043893.115     -4113176.276    -17698676.158
C 7      6730465.958    -19555046.177     -8906648.771
C 7      7823153.853    -27352892.150      1962129.834
C 7      8096383.532    -23186144.515     12382055.308
C 7      9584104.305     -9016977.292     19915977.628
C 7     13382666.846      7925620.601     22806853.923
C 7     18979209.092     19058457.087     20398153.143
C 7     24451585.435     19001883.704     13248375.583
C 7      9966582.708     -9993813.644    -19868889.963
C 8    -17810056.207    -18648606.257     30338198.789
C 8    -20816951.383     -5445882.494     24959319.326
C 8    -21621692.541     11488246.071     17857452.490
C 8    -20005271.946     27583195.423      9515324.722
C 8    -16403686.542     38477922.397       512084.635
C 8    -16451160.356     38671439.174      -390817.847
C 8    -16341254.605     38845130.645      -164208.756
C 8    -11652425.000     41291893.719      8807217.523
C 8     -7260643.508     34897729.168     17188311.726
C 8     -4341924.202     21369482.467     24402811.838
C 8     -3675775.600      4347353.397     29948515.695
C 8     -5432869.302    -11578138.658     33440565.706
C 8     -9131675.299    -22119426.199     34641893.492
C 8    -13773804.112    -24449374.147     33475025.552
C 9    -12287045.271     38767279.403     -3146856.685
C 9     -7867068.471     41856232.265      5504425.861
C 9     -3428588.245     36345498.736     14161455.372
C 9      -337859.839     23397904.559     21850445.201
C 9       580248.365      6504012.532     28040068.956
C 9      -914212.956     -9784970.434     32307281.764
C 9     -4415732.216    -21090888.100     34364495.370
C 9     -8984873.234    -24377955.446     34072731.080
C 9    -13397128.483    -18757008.408     31446981.323
C 9    -16466140.845     -5730155.808     26658267.163
C 9    -17362221.307     11194863.343     20029593.142
C 9    -15841404.041     27442839.338     12018721.484
C 9    -12316302.609     38619164.913      3184055.060
C 9    -12222393.754     38809898.356     -3121338.750
C 5     14048941.421     12475690.178     23296857.544
C 5     11471726.817     12498376.423     21940237.509
C 5     18682821.018      2038405.710     14106752.151
C 5     18765803.246     25371112.132     -5291598.295
C 5     18842601.035     17653985.051      4011502.680
C 5     15946388.556      2093834.076     13052069.343
C 5      9360558.882    -12372595.003     19192240.567
C 5       380088.041    -17938292.960     21383890.083
C 5     -8539848.904    -11602590.214     19270191.918
C 5    -15003752.700      3239339.714     13184912.752
C 6     27256615.117      7756509.676      1347631.417
C 6     -2557666.416     27103073.232     -2527691.126
C 6     -2885299.059     27181266.189      4862404.692
C 6     -4011648.786     17586388.017     14763020.012
C 6     -7349230.297      1176673.426     21227002.391
C 6    -13170510.272    -13559282.163     22739973.348
C 6    -20085027.570    -19153462.554     18959481.607
C 6      8511644.089     13057141.891     22865481.548
C 6     11448747.476     16057162.605     22570974.236
C 6     -7653408.797     38865455.069     -5669648.686
C 6     -4844117.535     42085899.395       -14776.776
C 6      -431359.696     39547613.015      8645187.083
C 6      3065452.710     28680664.895     16751861.243
C 6      4725629.705     12361670.777     23743911.698
C 6      4125111.168     -5023639.739     29120299.942
C 6      1454955.605    -18783601.185     32499443.860
C 6     -2541722.539    -25231136.744     33656776.734
C 6     -6786631.235    -22669808.515     32527389.710
C 6    -10155923.959    -11798807.625     29187470.927
C 6    -11762367.430      4488486.530     23840723.686
C 6    -11178358.590     21824956.769     16822136.117
C 6     -8558648.291     35495614.076      8603729.621
C 6     -4617006.130     41743198.504      -226428.783
C 7      8892185.517     -7522944.345     20525515.624
C 7     12177849.739      6401854.606     23047018.907
C 7     17963745.372     18099191.181     21187179.015
C 7     23854284.948     18924834.630     14396949.291
C 7     27368946.133      9067150.053      4251662.222
C 7      -344873.167     27774905.986      1746798.211
C 7      -353177.284     27726439.129      2027568.906
C 7     -1241242.770     19859026.491     12578935.109
C 7     -4351395.659      4195026.593     20197074.398
C 7    -10209975.548    -11102546.161     23108664.927
C 7    -17619547.623    -18220323.332     20645349.221
