# PRN        X (m)              Y (m)              Z (m)
G 1     -5639809.985     14940126.474     21484275.922
G 1    -21584835.855      2341644.165    -15293850.060
G 1      7539635.096    -24610981.455     -5625603.193
G 1     14621476.201      6803367.986     20841868.778
G 1       743430.702     20724254.833    -16608568.892
G 1    -25017601.286     -8437466.841     -4456142.261
G 1     -4152029.163    -14876678.032     21890563.302
G 1      6428628.896    -14924646.372     21269586.312
G 1     21221679.688     -1835677.147    -15853264.329
G 1     -7940641.098     24669892.542     -4733721.428
G 1    -14588748.763     -7714490.099     20548813.175
G 1      -225176.061    -20319613.003    -17122726.154
G 2     26360023.915     -5155816.570     -1662426.974
G 2      -113654.613     17731710.570     19567475.369
G 2    -16850565.467      7963296.735    -18204451.235
G 2     -3139242.519    -26004134.976      1261534.647
G 2     19339566.763      3728096.296     18076420.322
G 2      7148706.470     17412827.100    -19450589.855
G 2    -26435560.602      4903935.349     -1000793.411
G 2       685053.502    -18034029.952     19266930.691
G 2     16742926.543     -7222088.610    -18605707.483
G 2      2809741.036     25998420.787      2055085.288
G 2    -19668578.898     -4450417.702     17565527.601
G 2     -8741630.793    -17665581.421    -18544952.127
G 2     -6434012.257    -17291258.466    -19807689.125
G 3     19197618.119     15484686.666    -10004315.923
G 3     -7494054.168     13235387.186     21850890.925
G 3    -23021562.615     -6185693.491    -11730039.072
G 3     15366013.008    -19164381.272     -9955531.681
G 3     19101033.210     -6290400.724     17244441.381
G 3     12945448.452      7914361.061     21722724.020
G 3     -6612273.906     22518822.291    -12420989.141
G 3    -19182335.093    -15931829.418     -9309399.847
G 3      8212488.507    -12881406.894     21803594.863
G 3     22600652.738      6473081.784    -12373105.359
G 3    -15876805.610     19145159.181     -9156800.469
G 3    -12586359.513     -8635333.379     21659597.476
G 4      5370688.979     18172781.948    -18612512.487
G 4    -12694441.301     13352291.541     19105213.085
G 4    -13982668.950    -22503288.082      -881267.046
G 4     18667707.142     -4852784.245    -18164937.579
G 4     12592914.403     12924285.604     19428704.354
G 4    -22729955.801     13623428.699     -1623360.500
G 4     -4570186.959    -19011974.476    -17977060.424
G 4     13069557.475    -12081860.005     19687750.581
G 4     13399042.669     22775568.683     -2095024.694
G 4    -19506797.561      4028029.844    -17471894.309
G 4    -11190547.820    -13310920.882     20018448.937
G 5     13051866.158     16963471.162    -15543215.996
G 5     -7994746.994     14167014.561     20805049.817
G 5    -21531515.194    -14180514.519     -6211306.654
G 5     18064399.319    -12785502.636    -14880054.698
G 5     14247333.759      8137260.205     21074141.834
G 5    -13839690.649     21995335.551     -5675273.738
G 5    -12913052.448    -17488402.418    -15067225.593
G 5    -11038432.471    -22410366.698     -8637460.119
G 5      8462001.042    -13650784.011     20965510.996
G 5     21231897.109     14340098.784     -6852953.468
G 5    -18642736.332     12617619.716    -14302336.586
G 5    -13652241.579     -8675123.051     21251839.631
G 5     14032321.233    -21660696.913     -6426986.301
G 6     22152637.107      6887914.909     12986676.872
G 6    -16528604.441     18807400.234      8814093.349
G 6    -11961140.078     -9151582.414    -21826436.636
G 6      7103818.955    -21798302.046     13360084.034
G 6     18758440.726     16880951.370      8339332.413
G 6     -9556395.688     11802940.812    -21842065.027
G 6    -21759196.144     -7118294.639     13515860.680
G 6     16873880.768    -18776188.067      8203418.434
G 6     11592010.586      9858517.546    -21717296.419
G 6     -7414983.386     21248545.214     14059649.696
G 6    -13702607.086      5809756.366     21988048.263
G 6    -18702117.387    -17329083.531      7507815.836
G 7     24872910.692      4735249.538     -9106055.524
G 7    -12163792.090     19713722.564    -13440553.958
G 7    -15234096.644     -3248386.292     21358145.794
G 7      4541389.996    -24227958.987     -8920202.539
G 7     19275275.282     13922917.557    -11353503.975
G 7     -6155829.619     14156012.272     21782890.802
G 7    -24552699.770     -5029623.807     -9793691.202
G 7     12695071.922    -19781495.681    -12825933.177
G 7     14869363.801      4103140.080     21459521.158
G 7     -4903143.846     23842546.443     -9727790.210
G 7    -11079962.144     13076449.614    -19842184.943
G 7    -19294517.939    -14424507.407    -10686868.458
G 8       899778.546    -23140749.245    -12748552.663
G 8     13534928.877    -10805659.038     20006868.739
G 8     14647003.846     -3503758.509     21776059.454
G 8      8648436.823     23266202.573     -9567455.477
G 8    -23540255.691     -1184387.506    -12509628.257
G 8     -3870891.638    -14680063.733     21892744.443
G 8     23158064.469     -8974807.529     -9291678.211
G 8     -1327127.775     23469755.073    -12091855.146
G 8    -14752291.836      2677203.043     21824331.650
G 8     -8143819.952    -23102985.362    -10378363.047
G 8     23898574.777      1659290.383    -11754683.931
G 8      3053724.567     14789132.260     21946476.791
G 9    -10476547.478    -12712789.516     20775862.473
G 9      9295581.724    -19277844.643    -15695174.159
G 9     17990493.607     18942642.024     -4927392.232
G 9    -13071678.938     10325476.665     20742444.386
G 9    -19326358.692     -9253163.711    -15724063.074
G 9     18922257.351    -17978620.975     -4767988.573
G 9     10128424.215     13295781.888     20582835.284
G 9     -9572678.631     18697716.826    -16222819.774
G 9    -13614777.530      8073242.914    -21318921.663
G 9    -17840592.788    -19265994.578     -4162912.203
G 9     13748083.018     -9919079.366     20501993.784
G 9     18661317.210      9570587.038    -16324503.671
G 0      4200577.642     22461315.135     13572367.553
G 0    -24839093.343     -5297561.035      8191742.100
G 0      1886189.801    -15319454.441    -21748342.748
G 0     22558972.892     -4731507.562     13162328.526
G 0     -5174024.674     24634738.795      8071043.003
G 0    -14075729.407     11900448.267    -18943311.782
G 0    -15218934.901     -3050372.194    -21420209.719
G 0     -3710329.327    -22175398.714     14176672.514
G 0     24985307.005      5674503.094      7465731.275
G 0     -2807311.346     15355253.921    -21621326.685
G 0    -22326846.128      4316245.107     13686234.154
G 0      5500961.906    -24759594.873      7445897.857
G 1     11927159.076     11892621.731     21073820.136
G 1    -16808115.198     19960405.753     -6446632.259
G 1    -11421980.116    -19120026.122    -14295087.171
G 1     -2526747.053    -25520106.001      5697437.859
G 1     11110599.471    -12097732.595     20340184.653
G 1     17904220.950     17268360.422     -8394061.197
G 1    -21749487.401      9781378.443    -11953337.592
G 1    -11296597.993    -12326776.021     21174092.455
G 1     16976097.579    -19533752.621     -7239641.509
G 1     11143747.809     19729456.328    -13656549.002
G 1    -11639566.462     11348097.765     20472934.607
G 1    -17394725.813    -17401184.933     -9174500.878
G 2     -9216231.480     20440924.210    -14161979.706
G 2    -17265176.953    -18885814.614     -7670407.595
G 2     10574060.672    -10976265.050     21988741.366
G 2     21242830.296      8653007.411    -13477909.093
G 2    -18243037.771     17312901.708     -8059846.595
G 2    -10390928.494    -11067278.178     21560820.504
G 2      9437836.375    -19924824.738    -14745954.090
G 2     17179018.535     19244007.341     -6947692.166
G 2    -11234008.194     10561550.806     21862879.278
G 2    -20749843.554     -8880198.735    -14077847.050
G 2     18564332.012    -17244600.479     -7442403.048
G 2     21902778.402    -12456322.070      7783871.299
G 2      9964570.920     11733980.497     21410454.341
G 3     19507635.654    -16316734.011      7920369.818
G 3     10345142.025     11446481.470    -21582884.989
G 3    -10447456.421     19871770.809     13992777.973
G 3    -15985003.537    -19876716.953      7130975.694
G 3     12452125.395     -9616769.856    -21437258.727
G 3     19618812.087     10721168.163     14534610.533
G 3    -19888510.125     16195634.477      7182605.102
G 3     -9938575.410    -12007331.561    -21466939.246
G 3     10629014.654    -19403873.729     14502689.161
G 3     16449704.019     17929193.559     10443747.748
G 3     15826557.774     20291682.643      6269875.113
G 3    -13003063.653      9207473.381    -21291376.775
G 3    -19060960.553    -10926390.919     15113292.387
G 4      9008835.210    -24040142.927      5931422.770
G 4     14446962.129      7669846.826    -20581668.255
G 4     -1133778.616     20777937.463     16419003.145
G 4    -24333306.072    -10255816.810      4426925.634
G 4      7521986.692    -14817033.119    -21063037.223
G 4     21627825.638      -198463.477     15511188.421
G 4     19679425.637      2052092.973     17767644.695
G 4     -9440008.370     24072634.358      5045032.861
G 4    -14353875.873     -8472945.483    -20332513.812
G 4      1636884.621    -20334706.086     16931719.261
G 4     24314880.728     10646081.029      3541822.538
G 4     -8193363.552     14745572.391    -20860013.949
G 5      7641707.560    -21018893.843     14744219.443
G 5     16649368.857      -829705.263    -20573013.305
G 5      -326394.628     25391310.809      6652109.954
G 5    -20890511.179     -9228905.915     13117628.877
G 5    -16447019.185    -18859984.596     -8686468.145
G 5      1943393.151    -16104415.149    -21144105.199
G 5     25738477.124       916938.184      7662203.618
G 5     -8217870.833     21186275.300     14176487.010
G 5    -16480891.614       157336.877    -20718113.183
G 5       648987.058    -25210193.248      7282558.204
G 5     21016469.502      9792868.939     12501660.625
G 5     -2612191.277     15911801.294    -21223719.997
G 5    -25502804.096     -1276322.281      8370664.054
G 6     13970788.082     -4896103.933     21749211.320
G 6     13644839.574     18374078.826    -13494942.170
G 6    -24637401.362      5873514.977     -8813664.366
G 6     -5601001.999    -13936789.514     22208639.597
G 6     18115626.079    -15082135.666    -12230437.895
G 6     12819775.072      8408466.964    -21484130.423
G 6      6192241.004     23878828.880     -9129143.146
G 6    -14407246.311      4059488.021     21640230.044
G 6    -13091637.792    -18319702.474    -14112984.631
G 6     24946523.280     -5613035.183     -8091975.838
G 6      4893480.572     14316483.469     22130947.752
G 6    -18089889.583     14557617.966    -12875651.499
G 7    -16784547.675     17831605.328     -9445766.273
G 7     -8127331.688    -22296493.302    -11240077.923
G 7     12649313.304     -7516491.861     22131365.727
G 7     17228691.833     17494465.252    -10928402.502
G 7    -22129984.986      8923250.483    -12337807.557
G 7     -9450028.070    -11376127.040     22046980.766
G 7     -2823939.173    -15554541.125     21251708.382
G 7     16834540.639    -17440382.130    -10060038.972
G 7      7882395.121     22724651.830    -10543651.501
G 7    -13143645.214      6713337.776     22110274.881
G 7    -16755219.999    -17520108.405    -11609303.878
G 7     22634415.297     -8666700.951    -11573540.876
G 8     -7364249.965     15697371.315     20648481.520
G 8    -21115353.044      1941223.772    -16190766.951
G 8      7061288.132    -24979906.801     -4054344.700
G 8     15157788.980      8184193.426     19686065.946
G 8      -779472.931     19466058.141    -17900584.632
G 8    -25319708.879     -8768405.239     -1821399.418
G 8      8004606.495    -15693486.412     20409697.552
G 8     20699193.758     -1327008.749    -16766462.374
G 8     -4872360.967     24433987.365     -8442839.118
G 8     -7403536.142     24988923.271     -3279348.394
G 8    -15137910.056     -8954574.351     19366043.533
G 8      1338707.874    -19039701.234    -18331544.802
G 9     10108935.737    -24077235.874     -5623807.957
G 9     14347289.347      6605214.595     21653304.313
G 9       859993.310     22047581.817    -14951042.520
G 9    -23882250.070     -9201548.401     -6518310.257
G 9      7030146.318    -14016788.526     21136662.128
G 9     24717821.752     -8860728.378      2534635.361
G 9     20930484.534       623465.063    -16198164.304
G 9    -10396490.471     24100717.561     -4975094.029
G 9    -14265748.265     -7383217.169     21454172.206
G 9      -404777.622    -21659463.259    -15519603.377
G 9     23933723.058      9559050.580     -5756806.708
G 9     -7937320.849     13914798.621     20882380.427
G 0    -19584842.077     -5842421.341     17170883.792
G 0    -21169947.471    -13584923.589      8937034.991
G 0      7059254.716    -14329904.166    -21287511.498
G 0     23011064.021      4379330.513     12349397.864
G 0    -13810656.380     20939751.086      8313817.918
G 0    -19308156.665     11522283.533    -13937479.294
G 0    -13769230.086     -8321138.234    -21066287.272
G 0      5103377.046    -22519962.236     13288118.400
G 0     21164481.614     14084759.831      8139959.426
G 0     -7701176.659     14094927.149    -21219449.143
G 0    -22595968.706     -4742369.180     12962410.002
G 0     14181175.767    -20923905.775      7708663.104
G 0     13523745.501      8960940.644    -20964984.444
G 1    -17146998.067     13587751.625     15377209.825
G 1    -24149858.781     10798254.105      4927186.271
G 1    -16008107.042     -6429520.768    -21019502.512
G 1     11524159.580    -24312079.878      2574941.613
G 1     14641230.730     13285511.883     17496530.757
G 1     -5453221.114     15798804.115    -19821154.952
G 1    -21933064.445    -12932963.474      5791267.440
G 1     17830586.264    -13434763.574     14743416.468
G 1     15473886.715      6974360.219    -21248289.246
G 1    -11763148.962     24095504.896      3333546.495
G 1    -14547567.683    -13964755.712     17021999.641
G 1      6040902.619    -15244634.078    -20079044.859
G 2    -20339648.383     -6059611.341     15904618.792
G 2     -1941900.570    -16860051.710    -20202839.908
G 2     25865412.264      -229832.616      5414370.046
G 2     -7465369.628     20676514.810     14981208.399
G 2    -16939887.413      1282139.605    -20643378.119
G 2      -671586.996    -26200553.838      5060938.018
G 2     20544613.132      6664927.763     15385273.243
G 2      1171033.316     16673607.795    -20414614.453
G 2    -25702547.967      -128052.848      6153914.014
G 2      8134301.914    -20876413.403     14348823.840
G 2     16748402.823      -521864.464    -20833085.231
G 2     11482904.362     15721708.970    -18332389.872
G 2       321704.284     26051980.854      5796722.148
G 3    -14577827.953     21413316.063      6322792.028
G 3    -16008274.240     15342208.665     14669452.655
G 3    -12309143.638    -18462693.568     14153663.980
G 3     10048232.216    -12069237.982    -20995687.612
G 3     19607699.147     15520758.431      8672798.197
G 3    -20375023.013     11684744.665     12923560.413
G 3    -12595760.431    -10106565.257    -21514940.342
G 3     14746686.030    -21062485.512      7043584.651
G 3     12150274.913     18931960.994     13655044.263
G 3    -10563625.344     11442718.812    -21095231.383
G 3    -19120885.536    -15672438.413      9471334.229
G 3     20936278.795    -11460383.896     12218659.516
G 4    -23903395.357    -11812129.737      2674815.565
G 4     13548862.397    -14919873.806     17562563.926
G 4     17518618.399      4350414.148    -19396739.299
G 4    -11490833.931     23538950.509      2615103.706
G 4    -14340605.872    -14865803.873     16428179.731
G 4      5976680.700    -16322107.310    -20174058.846
G 4     23685699.438     12058315.371      3420279.835
G 4    -14206774.252     14825603.393     17112246.088
G 4    -17019884.691     -4907336.472    -19699816.861
G 4     -8326321.435    -13656652.508    -21041715.315
G 4     11748691.018    -23312924.012      3373095.201
G 4     14242932.263     15412694.746     16007995.537
G 4     -6529656.344     15798011.603    -20423711.588
G 5    -15444422.034      3588722.789    -21430579.220
G 5    -13812734.990    -17665959.265     14655143.144
G 5     24586702.079     -7232991.743      7456891.555
G 5      4550146.246     14824048.995    -21442012.318
G 5    -17336620.044     13388892.562     14611453.255
G 5     -6255260.026    -25013377.407      5823726.365
G 5     15901499.129     -2792637.992    -21219123.971
G 5     13218314.904     17632920.952     15232343.479
G 5    -24872266.841      6969821.441      6711133.401
G 5     -3951383.098    -15180248.445    -21307077.691
G 5     17309157.925    -12862396.379     15107954.145
G 5      7667763.047     23327088.166      9737495.644
G 5      5975501.608     25251631.796      5054308.983
G 6     16677136.177     20589910.357      1663521.754
G 6    -10928212.645     11565906.160    -21368477.797
G 6    -16203024.936      8210903.267    -19504221.797
G 6    -16604019.100    -10892476.536     17795300.797
G 6     20389053.640    -16934262.182      1905036.772
G 6      8262122.151     16009073.391    -19390790.613
G 6    -11091809.442     15858350.244     18040766.300
G 6    -16424080.921    -20846873.170       786302.716
G 6     16804131.840     -7803855.042    -19161391.882
G 6     15968654.617     11140465.152     18217091.882
G 6    -20617410.833     16721770.360      1145297.294
G 6     -7915445.177    -16524655.114    -19099279.244
G 7      6284562.036    -24610969.873     -7121170.228
G 7     14817177.280      4836209.249     21311248.853
G 7      2486986.414     21569969.767    -15340305.727
G 7    -25035713.444     -6936490.619     -6342988.619
G 7      4363443.338    -15031709.531     21651878.255
G 7     21818255.109     -3293063.892    -14740127.909
G 7     -6706363.654     24734902.963     -6247259.863
G 7    -14816761.412     -5645791.087     21114217.894
G 7    -14209182.348    -16758511.038     14717223.364
G 7     -1905827.038    -21163903.528    -15982659.504
G 7     25129607.625      7333292.530     -5472362.073
G 7     -5162083.087     15039032.444     21467761.746
G 8    -18022655.313    -11947915.400    -14586363.308
G 8      3728341.625    -14695948.419     21705458.734
G 8     25393426.469      5138228.364     -7419997.110
G 8    -11503521.622     18733126.414    -15743633.336
G 8    -16205790.378      -387186.372     21166032.461
G 8      3791875.011    -25280805.822     -5632363.288
G 8     18100422.442     12533491.589    -13992233.333
G 8     -4336078.028     14388443.260     21807492.156
G 8    -25081239.580     -5434523.969     -8247604.386
G 8     12153915.053    -18844774.522    -15102816.166
G 8     15834946.533      1200421.213     21402216.610
G 8      8705452.667     15246567.126     19812990.077
G 8     -4077325.003     25048836.613     -6391168.108
G 9     20954938.890    -16261381.074      1056502.808
G 9     13008746.916      6755600.637     22116082.653
G 9      6639426.020     17490060.408     18814041.351
G 9     -6901291.000     23130099.887    -11036398.719
G 9    -18145860.675    -16009382.077    -10968261.762
G 9      7282307.517    -12752301.599     22163470.447
G 9     23046870.037      6953503.916    -11267772.230
G 9    -16096063.055     18165031.909    -10768903.897
G 9    -12547650.744     -7589294.460     22111978.865
G 9      7168013.535    -22703024.621    -11732124.693
G 9     18133603.308     16483066.490    -10265580.529
G 9     -8005583.064     12349663.150     22142148.163
G 9    -22614120.679     -7218484.905    -11955971.321
G 0     26340492.043     -3177332.224      2710535.190
G 0      -520587.935     17632600.622    -19952124.265
G 0    -17806951.397     19601238.964      2131231.530
G 0    -18443110.597      8817046.098     16899956.620
G 0     -3127371.980    -26143758.597      2540629.994
G 0     17935255.926      1579914.844    -19431776.504
G 0      7776724.805     18386731.868     17578390.248
G 0    -26431407.121      2904980.907      2054643.484
G 0      1222490.746    -17933575.686    -19648825.118
G 0     18300248.138     -8040707.408     17430658.252
G 0      2754623.106     26256277.738      1652733.903
G 0    -18222828.070     -2280910.614    -19093806.065
G 1    -16714517.961     12637313.194    -16688597.946
G 1    -15933371.882     -6698720.371     20449498.106
G 1     13723148.855    -22515356.932     -3103759.312
G 1     12623004.877     16104004.056    -16576896.794
G 1      3242532.632     24642465.836      8628156.635
G 1     -7586750.155     14643292.693     20549416.750
G 1    -21551834.085    -14690502.167     -5116865.829
G 1     17399142.361    -12459272.899    -16116539.663
G 1     15376271.862      7185647.993     20705937.499
G 1    -13924873.941     22269598.124     -3850993.330
G 1    -12465894.564    -16718408.144    -16076859.336
G 1      8008120.640    -14147764.274     20738447.140
G 2     16135731.413       400948.410    -20989506.607
G 2     -2138115.471     25681937.310      6373097.925
G 2    -19814174.998     -9876704.419     14796543.857
G 2       543524.159    -16173701.194    -21163426.856
G 2     25767446.302      1900251.869      6210035.381
G 2     -9770164.691     19757653.336     14695617.199
G 2    -19361954.392     10974771.938    -14334043.418
G 2    -15828524.515     -1264948.264    -21188946.261
G 2      2455486.417    -25460556.258      7110675.438
G 2     19924972.363     10365734.644     14306766.126
G 2     -1403350.713     15867915.016    -21353772.055
G 2    -25583993.778     -2172040.647      6841705.565
