# PRN   Epoch (UTC)                  X (m)              Y (m)              Z (m)     dt(m)
C01    -32319896.982    -39351904.011     -6152228.974   3266538622.368
C01    -32320028.508    -39574752.253     -6408748.842   1664892528885.935
C01    -32320954.016    -39277424.416     -6580037.320   363494338106.063
C01    -32323985.648    -38506117.548     -6656582.171   1745916836924.678
C01    -32329196.988    -37224552.259     -6625375.891   130414755743.294
C01    -32335017.048    -35385660.785     -6476921.548   1826941144963.423
C01    -32339212.948    -32971578.152     -6209043.768   525542984162.797
C01    -32340211.794    -30011257.064     -5828327.637   2256969832297.978
C01    -32337570.678    -26585268.579     -5350169.871   781069466859.823
C01    -32331922.326    -22824033.279     -4798040.137   2198392394614.247
C01    -32324539.265    -18902983.422     -4202310.033   931894662749.428
C01    -32316599.370    -15037290.575     -3598912.214   2419018448375.466
C01    -32308803.901    -11476829.786     -3027820.289   803516367194.082
C01    -32301396.223     -8503063.209     -2531530.239   2116137978161.837
C01    -32294309.781     -6429376.009     -2153802.411   500635867001.207
C01    -32287649.703     -5602148.456     -1938520.396   1813257507948.208
C01    -32282296.788     -6388654.259     -1927605.930   2951376944257.680
C01    -32279832.477     -9112233.046     -2154708.021   1615078324542.001
C01    -32281455.769    -13865311.432     -2628614.057   313680163741.375
C01    -32287074.016    -20188508.296     -3305188.878   1870604807239.028
C01    -32295221.911    -26897820.222     -4072481.275   255102726057.644
C01    -32303624.890    -32556660.731     -4792524.809   1602624765961.207
C01    -32310107.195    -36370145.748     -5380379.448   231425747288.966
C01    -32313620.299    -38464090.660     -5829588.477   2067553882231.569
C02      4451726.986    -41572738.743     -6288482.104   797472251448.344
C02      4451301.707    -41340094.477     -6210465.467   1777969027654.765
C02      4451352.271    -39279524.204     -6046179.891   2583963659182.150
C02      4453850.474    -36288363.363     -5872967.634   741038030046.854
C02      4457829.467    -33622193.005     -5794569.520   1616833519445.854
C02      4459699.835    -32049373.078     -5867653.558   2562429866716.468
C02      4455784.401    -31729522.860     -6091863.258   405400317200.414
C02      4444864.978    -32461343.935     -6432353.220   1106693631941.131
C02      4428735.730    -33907707.144     -6840601.449   1842887375617.655
C02      4411123.435    -35715763.525     -7266279.469   2648881977165.793
C02      4395711.275    -37569392.475     -7663300.380   631454203351.461
C02      4384205.142    -39210700.247     -7993049.386   1297847059177.124
C02      4375992.353    -40448535.933     -8226188.797   1894439057131.173
C02      4369155.048    -41162178.351     -8343730.377   2840035404401.788
C02      4361763.033    -41303640.267     -8337728.139   857508059523.262
C02      4353719.498    -40899491.338     -8211688.462   1733303548922.261
C02      4347782.136    -40052047.224     -7980681.712   2539298150470.400
C02      4348096.624    -38937729.921     -7670867.026   242666885211.117
C02      4357350.767    -37799541.541     -7318082.803   909059741036.780
C02      4375006.711    -36930217.042     -6965292.302   1680153913649.112
C02      4397339.967    -36636896.306     -6658259.759   2416347657325.636
C02      4418873.844    -37164366.000     -6437580.538   154616821002.160
C02      4434804.383    -38540826.101     -6323963.336   855910105763.630
C02      4443191.375    -40347521.086     -6296875.565   1627004278375.962
C03    -14844475.854    -40837118.590     -6356872.584   47103334040.393
C03    -14835713.041    -41560794.740     -6572396.269   224535029633.534
C03    -14817213.233    -41636751.815     -6766753.778   137074705156.256
C03    -14793248.190    -41484130.566     -6963684.610   224116555337.261
C03    -14769587.709    -41374687.907     -7172547.684   206457100723.296
C03    -14750749.762    -41385596.056     -7385155.810   153897211177.675
C03    -14738089.449    -41456378.299     -7581755.995   136237756563.710
C03    -22026791.885    -39613531.213     -7509011.920   137674194494.223
C03    -14730015.831    -41462407.153     -7738457.055   118578298951.821
C03    -14723522.773    -41270293.508     -7832988.738   100918844337.856
C03    -14716142.112    -40771703.384     -7848378.226   48358954792.234
C03    -14708095.551    -39900957.740     -7774914.997   225790650385.375
C03    -19956898.286    -37801661.066     -7598266.045   226428667496.520
C03    -14702647.004    -38642541.229     -7610975.696   103429890976.441
C03    -14703666.469    -37033919.493     -7363305.535   245961151637.925
C03    -14712996.878    -35166377.283     -7046988.079   123600389231.066
C03    -14729407.308    -33183717.411     -6684984.115   36140061755.864
C03    -14748984.179    -31277961.301     -6307105.596   178671325415.273
C03    -14766937.160    -29680381.723     -5948264.554   21410128076.757
C03    -14780101.524    -28645303.279     -5645881.592   198841823669.898
C03    -14788345.349    -28421826.360     -5436261.948   76481061263.039
C03    -14794127.759    -29202619.050     -5349151.965   253912759854.104
C03    -14800773.569    -31035972.211     -5399283.433   271153740171.796
C03    -14810319.329    -33709838.757     -5575620.427   253494285557.831
C03    -14821707.289    -36689990.844     -5835462.003   200934393014.285
C03    -14830659.718    -39263582.543     -6116642.846   253075808263.634
C04    -39600696.046    -20273578.520     -3079675.928   1442587667339.161
C04    -39604740.475    -23095471.067     -3482068.787   228098170922.149
C04    -39608384.713    -25003909.855     -3791104.536   2011533254505.137
C04    -39612698.721    -26006601.299     -3997517.257   552740695578.981
C04    -39618413.675    -26184905.720     -4100131.698   2161673604503.686
C04    -39625212.878    -25638217.183     -4101696.557   807582362364.198
C04    -39631912.072    -24460843.732     -4007259.794   2486316129160.518
C04    -39637053.453    -22740680.839     -3824174.034   1097324458085.223
C04    -39639417.466    -20566431.072     -3562647.073   2566655621287.453
C04    -39494923.703    -18370189.436     -3267459.628   1003160541428.710
C04    -39638512.394    -18034499.122     -3236050.906   1003161775553.875
C04    -39634818.473    -15253206.583     -2860874.958   2612094684478.580
C04    -39629422.149    -12345042.989     -2456540.470   1362704729146.515
C04    -39623393.127     -9447313.210     -2045053.541   8613487007.027
C04    -39617307.313     -6711009.362     -1650375.954   1757148141654.207
C04    -39611078.573     -4298074.332     -1297491.204   612459503108.810
C04    -39604290.050     -2376911.140     -1011145.652   2465695474542.659
C04    -39596906.747     -1116194.903      -814391.132   1251205978125.646
C04    -39589719.340      -676839.331      -727188.276   2964840173857.773
C04    -39584075.671     -1198279.985      -764885.933   1715450248504.954
C04    -39581226.641     -2770144.433      -935688.977   117055943856.323
C04    -39581762.301     -5382599.197     -1236392.444   1551486678122.745
C04    -39585352.133     -8866263.797     -1647301.816   22893261324.975
C04    -39590808.455    -12863649.696     -2130031.376   1771427915972.155
C04    -39596617.559    -16885403.695     -2632822.555   591838848490.950
C05     21889960.403    -34875034.464     -5088825.316   56807942679.632
C05     21902792.316    -27583213.918     -4325812.397   2500294971809.125
C05     21916360.693    -20413831.085     -3658229.063   1701554388408.721
C05     21927893.659    -15372319.037     -3264420.671   972614662879.931
C05     21935993.840    -12985784.112     -3187386.396   173874079479.527
C05     21941271.458    -12913094.679     -3388231.488   2617361108609.020
C05     21945894.474    -14583472.353     -3802596.380   2062923587717.759
C05     21951834.526    -17451134.704     -4364055.445   1299083433253.162
C05     22083203.757    -20921602.638     -4996437.728   570134973775.450
C05     21958744.488    -21047812.997     -5010255.581   570143707724.373
C05     22333155.029    -35851545.761     -7195153.636   570129457503.955
C05     21963646.253    -24977417.982     -5684029.843   2734427245408.915
C05     21962741.654    -28904493.251     -6333778.034   2005487519880.125
C05     21953415.921    -32549771.328     -6914377.572   1660452602582.955
C05     21935606.113    -35693238.495     -7388719.532   1071114622776.640
C05     21912480.206    -38181918.185     -7729588.459   586477959756.994
C05     21889477.660    -39939741.196     -7921618.453   2995064559950.680
C05     21871947.219    -40975738.442     -7962796.193   2440627009080.173
C05     21862912.570    -41387193.142     -7864995.102   1746587712487.191
C05     21861849.447    -41355723.644     -7653341.073   1122349303745.069
C05     21761222.781    -34231943.269     -6845231.064   1122344507021.252
C05     21865312.480    -41132425.477     -7364171.889   637712640725.423
C05     21869415.533    -40999509.649     -7040649.524   153075977705.777
C05     21872145.607    -41173933.501     -6723109.252   2771065181493.553
C05     21873884.250    -41590326.443     -6428658.780   2146826772751.431
C05     22046271.597    -41491111.203     -6116176.831   1592385545871.433
C05     22046191.339    -41490963.578     -6116131.995   1592385545871.433
C05     21876582.178    -41547519.794     -6118673.043   1592389221880.925
C05     22288112.437    -37906273.280     -5771126.466   1037944203975.099
C05     21882426.765    -39578061.218     -5685762.095   1037951671010.418
C06    -19744171.969     39009386.555      2541025.256   1645619531304.522
C06    -15156321.425     40938926.764     11232470.284   200650192762.026
C06    -10858138.304     34064627.887     19129857.530   1509302371710.386
C06     -7970087.539     20242433.711     25758357.308   2538751089193.042
C06     -7244170.565      3089928.270     30711731.340   605175655611.505
C06     -8868717.939    -12878401.907     33649685.475   1844026976688.250
C06    -12393991.387    -23376201.952     34333772.426   84953717764.996
C06    -16831323.737    -25536504.099     32685515.525   1393605896713.356
C06    -20933671.457    -18777086.599     28820988.705   2737158534576.770
C06    -23567089.879     -4963030.083     23029954.963   908284417781.901
C06    -24027907.782     12176121.036     15716077.054   2182036167794.454
C06    -22209290.897     28078033.941      7346062.579   213560275297.863
C06    -18608233.277     38491961.069     -1561777.172   1208108563844.711
C06    -14199934.060     40546625.001    -10424258.409   2342258568134.789
C06    -10195231.827     33583606.243    -18602011.034   897289229592.293
C06     -7709578.673     19470555.171    -25463884.697   2415344042113.989
C06     -7436350.902      2122537.712    -30487293.160   760972099977.403
C06     -9454240.597    -13677375.269    -33331347.007   2174325595712.431
C06    -13233513.168    -23664290.075    -33842447.177   2854769933899.275
C06    -17798987.748    -25189191.279    -32016030.727   1095696674976.021
C06    -21972989.676    -17835269.202    -27969644.362   2369448424988.574
C06    -24656012.833     -3537502.228    -21954353.601   1796989989716.737
C06    -25115543.697     13852261.443    -14380486.409   2337832582181.106
C06    -23210728.334     29589464.498     -5808122.541   578759323257.851
C07     -9216554.554     -3290256.221    -30704882.492   2743470574842.222
C07    -11516890.675    -18182500.412    -32812523.672   1525239938362.582
C07    -15283448.992    -26307259.539    -32662444.465   1629712963192.483
C07    -19538885.101    -25445611.340    -30250206.704   132278835267.893
C07    -23143415.390    -15777731.195    -25723786.455   1632769287343.302
C07    -25105943.120        88764.610    -19405967.784   1670954302407.449
C07    -24880345.686     17826755.977    -11772974.051   2543236913721.341
C07    -22527066.035     32650218.077     -3386570.690   592097119693.517
C07    -18680545.574     40647218.965      5180465.192   1638881935644.939
C07    -14359051.023     39755031.046     13385487.843   595153443844.336
C07    -10695099.053     30214519.503     20720343.770   2235245641642.220
C07     -8648348.981     14510006.724     26707513.423   458608022272.679
C07     -8750385.897     -3202364.303     30921335.290   1959098474348.088
C07    -10946261.986    -18155577.122     33040831.745   322062600701.022
C07    -14602219.544    -26303957.880     32906053.845   1648050878118.148
C07    -18695688.242    -25480488.135     30539464.591   80815862342.697
C07    -22115652.444    -15958194.709     26120679.046   1755808489076.388
C07    -23959511.375      -302164.665     19942442.404   432876535810.081
C07    -23749199.860     17321883.741     12386551.711   1863566130013.875
C07    -21543903.555     32178472.846      3929309.292   470833288896.706
C07    -17937251.710     40185160.302     -4851749.838   2180726374545.452
C07    -13917267.394     39088437.266    -13309407.484   962495708086.566
C07    -10597189.938     29184045.685    -20805857.396   2393185302290.360
C07     -8897593.399     13232231.680    -26802008.247   1558859444063.093
C08    -21715504.597    -15397530.826     29878731.670   278526605043.656
C08    -24699687.177     -1825826.412     23576516.812   219264348450.190
C08    -25133121.230     14654003.340     15646245.156   34711811512.932
C08    -22895520.129     29608518.433      6603072.717   268964496753.477
C08    -18585009.803     38957706.898     -2931608.316   28922549335.740
C08    -13374866.684     40121989.084    -12270286.350   248863778191.376
C08     -8693746.679     32785077.025    -20732902.054   15099340943.779
C08     -5823593.877     18975384.931    -27724259.654   116027799625.763
C08     -5550472.568      2454368.298    -32780460.113   56765543032.297
C08     -7965597.046    -12329476.540    -35578597.875   89649567895.597
C08    -12445754.889    -21402539.504    -35934027.379   44698770684.965
C08    -17805634.140    -22298045.542    -33810310.673   299540434472.258
C08    -22600193.388    -14741903.522    -29342353.766   254589637261.626
C08    -25520587.686      -772729.208    -22848407.861   209638840050.994
C08    -25769666.947     15815140.191    -14805488.435   234488915701.600
C08    -23284928.264     30552881.464     -5790026.029   84836813695.999
C08    -18738811.869     39524857.068      3585717.459   263600091453.989
C08    -13341556.138     40371767.654     12713994.559   9246684653.418
C08     -8520823.259     32865044.063     21007079.024   89586167786.579
C08     -5553945.068     18975919.418     27910768.825   149336678368.841
C08     -5226787.443      2405667.685     32937562.913   174186754019.447
C08     -7609484.735    -12380800.957     35720400.415   164136391740.472
C08    -12032719.038    -21392379.015     36061599.691   154086032459.421
C08    -17283256.846    -22224023.520     33949389.840   178936108110.027
C09     -9317809.512     29715575.334    -13733304.607   726510327366.141
C09     -5623962.564     40031428.987     -5106147.705   447535127877.957
C09     -1005047.797     41965295.746      3823184.613   203460357325.581
C09      3314947.033     35073380.151     12451010.026   273489507153.962
C09      6203352.646     21229902.467     20231859.510   2992438887665.778
C09      6904951.986      4089981.108     26681280.395   239045632152.443
C09      5236658.674    -11819804.593     31374364.007   274174323065.772
C09      1653753.688    -22238397.078     33969520.028   518705647552.436
C09     -2851829.299    -24330769.475     34258432.445   309531335915.113
C09     -7024971.126    -17525845.573     32211684.635   274859168956.827
C09     -9714375.080     -3689864.975     27985014.293   2958908090553.590
C09    -10198241.925     13434903.722     21882484.460   2784634207852.074
C09     -8364471.777     29273030.449     14308172.297   2610360295171.313
C09     -4720976.647     39593530.546      5740242.820   2575688158192.272
C09      -260299.483     41580349.617     -3268912.748   2017509467259.138
C09      3793245.397     34618836.734    -12096056.628   2017737729236.659
C09      6314857.057     20564935.536    -20088604.223   2087766879065.041
C09      6602462.232      3284298.079    -26646362.162   2297397774615.898
C09      4573904.164    -12472110.613    -31302861.468   2367426924444.280
C09       768696.679    -22436962.345    -33761902.774   1983750408169.428
C09     -3818203.442    -23955567.918    -33886071.572   1879277383339.527
C09     -7994266.505    -16622381.399    -31673879.387   1809704787445.433
C09    -10660182.446     -2378452.963    -27259442.027   1705231762615.532
C09    -11092875.754     14947604.390    -20932750.990   2159165690696.287
C10      5802694.491     12559225.258    -22479627.747   2840963621810.247
C10      5149207.028     -4994716.703    -28046081.112   482013778804.604
C10      2530479.088    -18992443.014    -31644174.771   806884565438.958
C10     -1377533.764    -25683411.996    -33056424.176   2841876729678.823
C10     -5562590.141    -23268850.817    -32194423.558   482926886673.181
C10     -8922480.889    -12361509.807    -29102050.905   1121901593688.292
C10    -10546797.728      4122395.070    -23978335.115   1760876330682.650
C10     -9976096.874     21707179.551    -17190087.209   794431036837.409
C10     -7348636.791     35617824.981     -9241979.867   1747509664233.278
C10     -3363989.650     42139638.027      -708762.771   2595887034800.972
C10       920594.790     39596792.143      7832870.919   2606653901054.567
C10      4378764.775     28707085.363     15840328.514   422206232707.207
C10      6104307.195     12343610.264     22810617.175   502773986811.663
C10      5645882.896     -5176479.544     28282632.746   1316250898464.303
C10      3139805.041    -19170013.405     31863682.826   2025026493330.275
C10      -710098.712    -25849489.194     33280673.090   2559299913537.965
C10     -4826786.308    -23411748.688     32427579.800   479553561977.273
C10     -8075416.142    -12549592.777     29376972.561   1083627840056.577
C10     -9584580.579      3788711.654     24350945.784   1513199973456.844
C10     -8968184.541     21235576.347     17680065.600   2291776426194.432
C10     -6407889.813     35131305.381      9782600.160   37527899975.457
C10     -2602045.410     41703924.411      1166949.978   676502636969.814
C10      1408323.153     39100299.455     -7571283.327   1210776057177.504
C10      4516280.288     27985996.128    -15789351.903   1570547302726.910
C11    -22355976.193     22451766.881    -12686878.475   184426917901.507
C11    -18289129.611     18300298.480    -20382866.890   107828580826.823
C11    -14893064.201      4231538.628    -23272979.019   10641271201.241
C11    -13700795.920    -12839328.053    -20715170.934   248146854507.315
C11    -14527489.807    -24415508.235    -13307726.605   150959541883.808
C11    -15635288.453    -24829788.088     -2770828.841   88672667189.882
C11    -14748683.104    -14347968.697      8392980.035   26385792495.957
C11    -10359088.575      1011384.811     17587439.928   228990940870.374
C11     -2574285.410     12855321.767     22730736.916   166704063178.524
C11      6799424.298     14787075.700     22618166.576   104417188484.598
C11     15036505.793      5833257.587     17250290.146   7229878859.016
C11     19908144.930     -8948575.289      7893668.049   244735462165.091
C11     20794134.707    -21276261.148     -3298158.884   182448584473.240
C11     18845924.955    -24020178.886    -13749997.858   120161709779.315
C11     16313141.390    -15056194.377    -20974436.762   57874835085.389
C11     15301678.904      1406124.652    -23256277.453   295380418391.463
C11     16573002.507     17184428.886    -20097384.269   198193105767.956
C11     19123560.537     24510398.965    -12230324.382   135906231074.031
C11     20743014.025     20063378.171     -1488284.871   73619356380.105
C11     19274100.015      6829233.900      9577527.336   204667195848.656
C11     13832142.621     -7603351.332     18404428.546   86890910674.251
C11      5292476.113    -15209709.502     22993561.495   4015063429.427
C11     -4030126.497    -11695429.445     22261224.413   144853288155.300
C11    -11446120.463      1130456.882     16357369.265   109432899180.338
C12    -14374486.547     14158810.519    -22877373.450   24372647167.467
C12     -8732899.515      -184141.866    -22210751.431   547879171142.316
C12     -5640631.727    -16652937.485    -16358218.743   1071385695117.164
C12     -4865820.344    -26821287.522     -6673442.175   1629792678007.065
C12     -4678907.577    -25493318.881      4567067.662   2153299201981.914
C12     -2880155.085    -13549354.243     14726452.689   2711706154892.570
C12      1919919.459      2620235.323     21470757.476   237288128846.664
C12      9443668.944     14552880.612     23243983.670   795695081757.320
C12     17742652.218     16150347.169     19612417.034   1354102064647.221
C12     24147321.912      6994145.847     11425839.634   1877608588622.070
C12     26647634.580     -7451475.969       590060.258   2436015541532.726
C12     24861796.915    -18823780.782    -10398221.031   2994422524422.627
C12     20186644.038    -20311425.998    -18964677.492   554904897333.283
C12     15069091.872    -10417268.151    -23078565.360   1148212309158.992
C12     11669527.752      6175863.765    -21793237.120   1706619292048.894
C12     10710242.773     21175590.727    -15418595.311   2265026244959.549
C12     11167296.303     27044942.670     -5430728.284   2823433227849.451
C12     10907135.955     21031079.578      5819605.978   2652443901297.029
C12      7927320.871      6671166.263     15698572.451   1989335631599.705
C12      1512391.987     -8218573.470     21940147.079   2059136489471.320
C12     -7270171.515    -15707210.481     23099697.376   701532399225.972
C12    -15976140.535    -11936007.761     18886806.277   1329740239987.488
C12    -22002536.124       748706.690     10289395.336   1818346335026.529
C12    -23916490.596     15098529.841      -695126.183   2306952430065.570
C13     -4427412.254    -21739762.566     34792554.940   1427904342393.500
C13     -8591811.380    -12830168.642     32018516.136   963888333991.713
C13    -10890998.896      2059747.298     27072193.952   674374500248.210
C13    -10720379.670     18944678.756     20275086.257   838566362587.185
C13     -8131174.713     33291302.279     12065603.156   60446433804.641
C13     -3822071.379     41202739.356      2992840.573   2873558496847.805
C13      1036024.469     40495738.679     -6306394.083   2514243805232.687
C13      5115173.519     31350764.696    -15161585.950   2469033033998.326
C13      7300282.162     16275151.030    -22940734.874   2144618771319.016
C13      6993804.027      -623286.480    -29111061.013   1924905825426.373
C13      4266525.106    -14784085.327    -33268189.802   2542803323889.336
C13      -168631.894    -22401991.154    -35141842.885   2392891265847.554
C13     -5138437.834    -21412885.640    -34601050.100   2277879606762.333
C13     -9308875.387    -12055342.355    -31670944.579   2127967548720.551
C13    -11543167.836      3154046.553    -26550858.071   1978055460699.522
C13    -11224233.878     20091907.183    -19610643.215   2487738764290.711
C13     -8433082.747     34184459.936    -11352414.652   2407627564120.544
C13     -3919499.522     41671274.558     -2352531.764   1385204602808.102
C13      1112568.747     40585808.432      6789511.859   921188594406.315
C13      5328317.297     31226848.359     15479957.893   561873902791.197
C13      7609470.245     16071294.737     23147052.238   551563590471.890
C13      7351447.427      -844049.937     29265072.268   506352819237.530
C13      4636269.049    -14971323.496     33397171.773   216838985494.026
C13       217492.431    -22496730.261     35246188.177   2506444524562.342
C14    -15947341.015     -6669854.877     22795145.628   738831197805.025
C14    -19374215.493    -19847932.146     19309648.404   2571218222664.246
C14    -23095883.521    -22443732.855     11350356.521   1545282383266.698
C14    -24823869.666    -13714931.667       750036.243   1636160479669.706
C14    -22801510.718      1075354.136    -10034651.335   819627243866.248
C14    -25335650.484      7675601.349     -9938474.020   819623875429.056
C14    -16814987.975     13444843.792    -18475028.126   37994466977.842
C14     -8363952.128     16314638.361    -22609939.142   2219385811174.384
C14        86715.371      7807132.663    -21479230.325   1437753034285.978
C14      6285686.107     -7738967.502    -15321013.217   656120227418.327
C14      9277425.435    -22009455.740     -5573939.490   2872412030529.921
C14      9839271.881    -27238816.693      5463806.140   2125679682577.324
C14      9939522.877    -20409730.155     15226834.439   1344046875709.673
C14     11542692.605     -4821921.359     21446627.089   597314527757.074
C14     15447316.972     11611250.835     22661988.422   2848506759804.476
C14     18823817.658    -23992232.281    -13826645.968   120163177909.830
C14     20784414.624     20615615.208     18606573.757   2939384856207.485
C14     25445456.283     18010535.818     10240678.000   1564444667493.371
C14     27155350.553      5830774.432      -510984.692   329106224501.732
C14     24664893.117     -8770658.445    -11152038.876   419984320904.740
C14     18471460.383    -17347764.228    -19187433.518   2740977410823.757
C14     10580353.500    -14770958.110    -22753088.788   2064045920742.774
C14      3471118.155     -1963712.058    -21017722.282   1387114460641.036
C14     -1106525.104     14546037.580    -14360284.101   710182970560.053
C14     -2967173.802     26054585.780     -4341076.607   33251480479.070
C14     -3509009.313     26433384.006      6680323.203   1935439363209.906
C15      5541697.684    -16674286.806    -11641593.729   945455963519.863
C15      5513915.212     -5129348.821    -16585092.581   1438380553393.151
C15     -6001437.079      6620314.167     19664708.691   1934107667933.422
C15     -7349230.297      1176673.426     21227002.391   1027221679229.157
C15     18999480.079    -24191883.254    -13207127.715   182728136465.795
C15      7069917.731    -18651159.605    -15376909.091   341209905212.006
C16    -17111608.142     38239590.718      -683810.736   1408555227507.001
C16    -15888893.955     40060820.289      1950383.822   1408622015565.970
C16    -12473631.151     41437843.292      8255474.231   2054327428714.805
C16     -8021856.600     35754852.046     16646166.751   120980257110.789
C16     -4943847.173     22695287.696     23919367.845   1045955919784.297
C16     -4059553.106      5757285.726     29568592.167   2145433787095.334
C16     -5595392.459    -10494577.760     33195397.374   246987074406.372
C16     -9122458.274    -21678923.602     34548551.465   1311564482802.355
C16    -13680366.180    -24797145.820     33541867.808   2411042350113.393
C16    -18043324.501    -19027435.270     30249338.062   442794749573.569
C16    -21045867.257     -5921215.558     24889939.164   1646973903692.029
C16    -21885407.646     11008945.405     17814587.599   2781352199938.874
C16    -20334382.727     27202366.024      9495435.739   1092308090844.001
C16    -16809226.896     38265348.052       505946.789   2366288132813.321
C16    -12266458.084     41184426.450     -8519411.775   642343564803.395
C16     -7943086.281     35173336.279    -16943002.942   1811622289986.047
C16     -5015901.381     21879022.390    -24181885.833   2736597982638.802
C16     -4283154.625      4902891.777    -29748691.247   419346032782.412
C16     -5954627.713    -11183582.529    -33273247.486   1344321695455.921
C16     -9595409.160    -22048988.320    -34516168.411   248584998186.757
C16    -14234526.045    -24750764.814    -33385464.639   1417863723369.409
C16    -18619673.674    -18543327.600    -29954024.053   2622042877487.869
C16    -21559681.713     -5103249.406    -24464351.657   793397052649.767
C16    -22256875.708     11930346.995    -17309120.430   1613671398536.607
C16    -20525312.560     27969559.189     -8990548.384   99129464100.017
C18      7340061.984    -36534231.673     -4225649.002   5482452939.155
C18      7339437.343    -38504421.323     -4432314.754   18005065608.765
C18      7336975.947    -40130888.970     -4583287.200   295426175043.849
C18      7333050.125    -41266127.857     -4668281.342   8158021475.135
C18      7328378.471    -41835049.000     -4681507.469   285569775671.608
C18      7324046.718    -41837572.140     -4622060.425   228288742751.454
C18      7321092.104    -41349307.252     -4493992.187   171012174321.502
C18      7320186.545    -40519446.477     -4306044.390   113741107434.863
C18      7321414.728    -39564430.592     -4071058.831   91360244908.711
C18      7323962.363    -38753574.672     -3805102.950   138781944007.546
C18      7326630.192    -38377494.324     -3526380.563   151303472712.380
C18      7328709.909    -38678591.844     -3254000.761   198727947537.667
C18      7329678.078    -39710921.017     -3006661.558   16160781318.752
C18      7329135.944    -41127239.478     -2801355.890   28685244472.664
C18      7327261.972    -42054560.303     -2652196.586   145907816432.737
C18      7324927.788    -41460138.430     -2569429.728   158435924649.812
C18      7322984.471    -39059282.846     -2558722.279   240760017977.559
C18      7321919.482    -35726876.557     -2620782.527   218383990294.375
C18      7321963.316    -32743781.206     -2751319.191   265805031686.639
C18      7323078.622    -30923421.340     -2941340.852   208525899160.376
C18      7325145.366    -30452511.628     -3177769.470   255954947288.902
C18      7328143.215    -31137121.976     -3444336.406   3579773807.125
C18      7331627.728    -32638162.538     -3722733.811   85908440438.110
C18      7334502.060    -34596716.754     -3993900.386   133333126893.537
C19     11995297.226     -4051299.757    -21728255.188   266366018642.441
C19     15836936.244     12246973.886    -22558485.724   1917225112673.167
C19     21060240.567     20870352.748    -18119587.846   116453930621.413
C19     25501069.676     17815336.773     -9453927.603   2395520865413.655
C19     26890625.820      5383839.598      1415917.225   943754062657.713
C19     24056341.938     -9109359.066     11961650.336   2699314443495.860
C19     17578777.613    -17277881.749     19719477.162   1631452418992.291
C19      9536308.698    -14212705.822     22880468.900   633391282339.582
C19      2441422.675     -1141120.984     20719768.126   2039947313861.164
C19     -2015346.854     15242667.603     13739080.415   448578765382.747
C19     -3747604.496     26323825.583      3556302.634   2588043954452.513
C19     -4209560.852     26177374.394     -7451245.204   926874518123.235
C19     -5505501.259     14769310.890    -16718219.209   2926737961470.526
C19     -9142620.754     -2043223.869    -22091806.368   1754174650159.534
C19    -15103989.038    -15624351.595    -22311830.037   2916427619171.973
C19    -21751101.339    -19161295.992    -17320437.559   1743864307860.982
C19    -10623808.431      6307067.389     25001886.060   4972062320679.399
C19    -26636054.155    -11335348.638     -8289639.344   501500108699.129
C19    -27764467.318      3014046.699      2674639.370   2117458773794.048
C19    -24620236.467     15532156.472     13021390.927   1049596749290.478
C19    -18445813.215     18851295.521     20332295.345   2874958017979.486
C19    -11604040.271     10600524.184     22904679.055   1597693389881.827
C19     -6341290.325     -5310148.664     20150585.788   2864647675680.934
C19     -3658912.390    -20782416.578     12707856.660   2250491317280.598
C19     -2880885.980    -27816166.249      2303225.906   728923626673.795
C20     17232457.050     15741525.364    -20603843.537   2139706222205.999
C20     19833341.675     24097891.925    -13522129.621   876721368426.287
C20     21660765.860     20592166.548     -3281592.875   2472059348924.100
C20     20587839.432      7690037.022      7718931.172   1139273607293.527
C20     15603520.562     -7186152.073     16919247.938   2595009842068.864
C20      7430040.907    -15670523.015     22178210.061   808518434335.058
C20     -1749619.422    -12950271.789     22265660.424   2752860764149.436
C20     -9359304.125      -383495.366     17169500.660   1420075022518.863
C20    -13711620.218     15251435.891      8083140.648   2701309082635.917
C20    -14776603.159     25400458.955     -2887949.943   1333622912069.537
C20    -14072292.379     24298065.788    -13190454.902   2824259575780.682
C20    -13757475.772     12101752.801    -20416386.711   1491473834150.110
C20    -15386756.435     -5171438.176    -22885872.896   2982110497861.254
C20    -19004076.728    -18864524.214    -20022348.043   1195619090127.448
C20    -23065575.242    -22261654.860    -12481674.427   72235982070.211
C20    -25247301.984    -14180752.749     -2026253.757   1842076107247.061
C20    -23711759.088       399232.211      8896138.156   613991682403.156
C20    -18119542.758     13077500.392     17744925.140   1720723567861.928
C20     -9865282.857     16560757.761     22459390.319   527539571953.831
C20     -1426861.625      8600362.052     21936973.536   2227578839259.065
C20      4876058.296     -6766722.509     16308982.555   545788748311.927
C20      8028723.807    -21406778.029      6890562.535   2350529332403.830
C20      8730353.858    -27435581.525     -4136031.583   947942732901.643
C20      8893163.150    -21424857.409    -14202364.178   2717782888057.738
C21    -12337652.825    -26839577.141      7179298.247   140938430354.960
C21    -12119185.762    -22050135.744     -3835140.524   1533214717537.841
C21     -9377126.720     -8123056.531    -13955362.415   2925490974741.475
C21     -3279196.265      7290533.697    -20820776.606   1250041794073.495
C21      5298455.008     15895041.625    -22836097.573   2921521542722.080
C21     14115182.495     13185578.763    -19526003.068   1629977170285.719
C21     20634739.164       866901.781    -11656318.916   2777950394959.456
C21     23288468.478    -14053163.852     -1069155.628   1172302072163.090
C21     22229093.510    -23069642.008      9765087.269   2494777471495.110
C21     19156120.256    -20767569.798     18326133.380   749527432955.515
C21     16346449.959     -7749983.593     22615557.483   2421007181604.101
C21     15405504.360      9637901.679     21634423.389   605956255213.645
C21     16398215.424     22706573.947     15619950.613   2835842986752.132
C21     17837580.565     25051964.542      5970228.992   881190314639.201
C21     17529993.594     15932870.498     -5073785.570   1680159189996.372
C21     13827254.785       664537.953    -14934195.198   2374426748566.876
C21      6602772.330    -12252931.060    -21312161.338   1047981917215.461
C21     -2585586.261    -15724269.156    -22725553.179   2544959491205.764
C21    -11206349.881     -7856069.546    -18838157.039   939311198388.644
C21    -16979422.720      7007301.712    -10551819.476   1947682677339.906
C21    -18996583.902     20612356.550       193604.535   935341766369.249
C21    -18104530.280     25266882.823     10892287.522   1524908008153.085
C21    -16340784.752     17975497.068     19055161.707   2882283866400.158
C21    -15761144.604      2072810.198     22776011.302   1346436431454.653
C22      -250558.679    -21913829.676    -10235132.701   424122146347.794
C22      2588672.674     -7019995.353    -18629521.134   2134700047908.348
C22      8195010.008      8966130.950    -22686340.589   917154227340.518
C22     15639389.207     17781622.798    -21458792.249   2627732128901.072
C22     22701420.070     15140537.690    -15234856.593   1410186308333.242
C22     26961886.016      2988641.726     -5454351.307   2981162464171.321
C22     27020145.998    -11547586.453      5604694.420   1868317930410.912
C22     23220191.897    -20005018.218     15350549.727   615871680907.274
C22     17447623.532    -17195078.610     21511032.770   2466051328190.305
C22     12108922.450     -4003411.710     22656965.330   829700270455.048
C22      8883401.691     13058438.218     18518219.341   2644979488802.270
C22      7887093.928     25302643.459     10064135.849   1497234526106.054
C22      7685598.556     26535001.231      -726250.022   349489593389.084
C22      6162166.387     16344572.768    -11347996.266   1850664861376.303
C22      1766424.982       286166.597    -19334609.669   458616866150.190
C22     -5526635.613    -13070790.079    -22818546.808   2902103895279.683
C22    -14086226.841    -16747551.319    -20987801.740   1649657645776.045
C22    -21399717.030     -9100813.855    -14269798.131   257609650549.931
C22    -25302884.545      5331171.991     -4218943.136   2421893218213.720
C22    -25043200.644     18257352.936      6821251.636   1274148255517.504
C22    -21635933.142     22117925.786     16263585.295   56602464928.919
C22    -17272460.322     14202434.686     21908672.245   1767180336510.228
C22    -14112508.930     -1891055.420     22446566.195   584534974857.450
C22    -13141360.673    -18146589.536     17748600.195   2923320687200.275
C23     -2413057.709    -15174671.487    -22730185.185   1458582764164.047
C23    -11442192.466    -14536434.198    -20708139.298   2638171831645.252
C23    -18671075.767     -3471590.610    -13856322.789   994338493784.740
C23    -22296429.960     11750059.587     -3774722.974   2034325815543.469
C23    -22125652.154     22516966.714      7189476.837   425392906618.764
C23     16988121.906     14128614.251    -13272680.809   425394225181.362
C23    -19587978.787     22511522.457     16479247.192   1639882403035.776
C23    -16905130.725     11138935.409     21926833.818   2924172787303.649
C23    -15853729.258     -6128628.520     22268025.755   1419941195165.612
C23    -16793899.974    -20672455.255     17425625.391   229813493429.087
C23    -18488107.700    -25301088.513      8523129.998   2002709972736.001
C23    -18802330.155    -18078889.164     -2364469.447   2449389882669.021
C23    -15913900.781     -3350373.945    -12698048.580   665954799086.034
C23     -9368422.498     10625951.620    -20073056.721   2508652136264.562
C23      -424949.166     16120605.964    -22769503.565   1178922718784.808
C23      8496561.405     10090842.213    -20153868.931   2114208753736.115
C23     14998775.962     -4165298.780    -12838179.928   575076702683.025
C23     17881836.703    -18793031.959     -2529969.539   1789566199100.037
C23     17664618.366    -25610280.419      8370811.993   320235035897.808
C23     16198944.137    -20508962.243     17321391.028   1918629340546.439
C23     15591968.376     -5694696.103     22233733.961   449298177344.209
C23     17008382.340     11481613.847     21968691.989   1593986815889.607
C23     20003629.280     22447604.706     16589370.776   2948078058029.094
C23     22745341.167     21956959.471      7344450.998   1653249069485.147
C23     23008416.085     10879920.043     -3610631.796   777225318108.627
C24    -27170787.910     -7667730.320     -1065220.220   213631775799.096
C24    -25292562.636      7159872.387      9725123.393   2691562679930.108
C24    -19562328.055     16943365.942     18240695.147   2066867717253.699
C24    -11812736.388     15882660.094     22504417.181   988467088474.055
C24     -4530601.683      4078331.993     21520589.671   49668205416.887
C24       381313.587    -12478235.241     15520200.015   2283296077018.002
C24      2539021.857    -25120541.147      5912577.095   1728401972213.207
C24      3171165.959    -27163214.993     -5069049.219   894304405942.707
C24      4329487.874    -17443861.938    -14877524.574   339410301137.912
C24      7666347.367      -966693.753    -21222280.429   2468336855952.359
C24     13437014.483     13754956.025    -22622148.479   1773841035404.334
C24     20269141.142     19276441.088    -18754361.373   1044444755941.257
C24     25805156.612     13171054.064    -10510354.380   70745413969.035
C24     27887286.574      -688251.361       192925.117   2827879839524.245
C24     25691569.181    -14207779.794     10846828.468   2517288797228.593
C24     20160946.116    -19484459.072     18965082.559   1473788597384.757
C24     13492470.200    -13078619.732     22662962.893   744392317921.679
C24      8004460.697      2124523.149     21075845.059   2768617585928.704
C24      4964461.946     18413612.308     14576826.709   2527827401504.667
C24      3982345.099     27395477.564      4690869.246   1833331550977.396
C24      3321969.885     24482606.286     -6285937.058   1034134413642.704
C24       952024.104     11305158.495    -15806317.461   653742483496.192
C24     -4240052.864     -5138461.546    -21645763.712   168649266542.257
C24    -11733707.263    -16228870.080    -22442107.996   2367376709207.565
C25    -20609177.527    -15918004.355    -17155105.824   849838499049.494
C25    -25835144.229     -4768644.269     -8119866.589   2504210441186.080
C25    -27036153.095     10065756.026      2813266.851   1858666531935.043
C25    -24250755.934     19991783.280     13085765.237   166109544755.064
C25    -19131598.063     19039008.952     20303982.315   2169485866187.462
C25    -14038909.705      7082263.085     22790088.694   1035335831918.139
C25    -10800013.538    -10058998.059     19962154.113   75688002286.344
C25     -9776904.616    -23704124.373     12483615.992   1381055595106.365
C25     -9736706.190    -26968551.252      2103081.177   107303845093.812
C25     -8603580.369    -18420765.912     -8768227.960   2110680136546.964
C25     -4679469.583     -2818880.008    -17602126.014   976530132256.886
C25      2323235.734     11426186.506    -22334954.048   2630902074393.472
C25     11010814.595     16776159.346    -21864613.703   1217548578658.444
C25     18946585.297     10609035.967    -16300929.353   48498145432.559
C25     23834032.980     -3399977.181     -6931916.986   1877372262227.428
C25     24645095.187    -17245327.962      4057172.698   708321829001.543
C25     22107246.079    -22920041.596     14095029.964   2886200295112.978
C25     18251418.368    -16762638.187     20843980.314   1507747228313.757
C25     15278692.243     -1432780.998     22734869.211   408497652959.487
C25     14377452.997     15475394.549     19324453.283   2132670482946.934
C25     15107784.952     25474645.305     11412912.193   789117845083.520
C25     15683302.679     23732287.069       848700.646   2827394595451.726
C25     13998412.005     11612729.202     -9915054.315   1763045449033.263
C25      8848241.320     -4080720.764    -18373925.100   873198477273.083
C26    -18261473.360      5478839.899     14850747.977   938334114809.531
C26    -10705340.652     15347666.763     21221190.391   955898475255.818
C26     -1654205.843     14342156.289     22645108.279   484856740663.064
C26      6327872.329      2806919.364     18786393.101   1409832403336.573
C26     11342751.528    -13101613.963     10554895.636   1427396763782.860
C26     13077512.202    -24754952.448      -124651.232   1549662441015.815
C26     12837621.322    -25679319.280    -10779546.463   1637027659333.717
C26     12724384.287    -15002567.432    -18931959.751   1724392877651.619
C26     14417054.527      2020650.580    -22673382.452   1392952888781.341
C26     18195087.680     16811932.895    -21135230.051   1864222885351.616
C26     22729337.872     22061072.370    -14673107.424   2126090308307.046
C26     25747088.125     15580759.572     -4779015.805   2283256414475.809
C26     25244545.375      1482827.379      6233149.363   1986716824562.092
C26     20600547.231    -12045672.622     15781668.984   1759978152478.482
C26     12940569.772    -17211936.324     21647426.864   1882243799732.191
C26      4592459.302    -10805885.568     22466867.654   2144111222687.622
C26     -2050643.346      4053109.509     18045428.374   1812671203838.097
C26     -5717278.730     19561168.371      9425446.904   1969837310006.860
C26     -6839836.579     27450733.899     -1380326.163   1917600812581.532
C26     -7188366.434     23396123.603    -11870524.883   1935165143048.574
C26     -8795212.255      9315972.677    -19603206.851   2476236027469.709
C26    -12756906.687     -7600903.461    -22768181.114   2703203021489.333
C26    -18555096.980    -18755391.610    -20632041.492   2197260827981.525
C26    -24256164.215    -18731210.302    -13687736.033   2389327363086.096
C27      7022894.763     -6964279.562     22463878.462   2688597402748.785
C27      1746748.866      9356160.617     17668431.938   395707277552.129
C27      -737620.355     23398705.418      8749664.013   1554447398458.707
C27     -1411467.846     27779075.407     -2207237.792   29366859746.043
C27     -2300571.730     20170034.894    -12644453.528   1083405663865.953
C27     -5268547.876      4524962.008    -20140048.732   2591150134089.097
C27    -10897784.117    -11045116.919    -22951058.498   507662612486.532
C27    -18060732.031    -18581312.706    -20416682.396   1701303162328.917
C27    -24433855.461    -14543792.265    -13128961.992   385625227210.343
C27    -27675673.831     -1687759.863     -2784303.123   1753767951711.012
C27    -26616748.451     12454535.228      8214728.179   403189587656.631
C27    -21859896.627     19625956.920     17299195.826   1631730566434.823
C27    -15468376.412     15327792.379     22342390.084   2546167624832.258
C27     -9872461.840      1279568.893     22173321.123   741883594674.643
C27     -6608882.316    -15499453.785     16833730.134   1621420224136.271
C27     -5580665.382    -26417159.832      7565466.356   445344034740.172
C27     -5203551.161    -25901701.447     -3463802.710   1987988933899.124
C27     -3360305.798    -14395494.500    -13681183.757   183704903741.509
C27      1349949.766      1921056.567    -20716598.483   1133042391074.751
C27      8738197.724     14440561.459    -22932530.372   2396483828767.997
C27     16999464.588     16718141.411    -19807117.409   941204147926.948
C27     23580204.979      7936652.773    -12070766.048   2239546014556.001
C27     26461295.180     -6682312.115     -1523075.285   400361525483.333
C27     25151558.761    -18706531.272      9385376.975   1628902504261.526
C28    -10285033.476     10379403.726     12589194.187   2584428427429.788
C28    -12539212.822     23360748.109      2135069.589   675443080485.505
C28    -12480685.774     26457503.160     -8821588.779   2008685376050.366
C28    -12190164.760     17661304.840    -17719517.519   274202203764.366
C28    -13548870.519      1247423.892    -22480596.979   700033167122.759
C28    -17140631.230    -14519946.944    -22000086.115   466268738868.936
C28    -21870720.438    -21795023.248    -16389464.414   1485407114053.039
C28    -25508467.058    -17318962.078     -6956321.696   2679047663895.424
C28    -25875507.408     -4152412.164      4094030.564   455958396570.383
C28    -22027767.913     10014148.325     14188433.097   1859001579986.104
C28    -14788894.379     17025242.313     20982739.602   578224073803.338
C28     -6376927.976     12644984.075     22891837.362   1841665481517.338
C28       694298.577     -1133468.769     19468248.183   2756102569894.019
C28      4874183.052    -17139309.406     11511532.614   1265922430137.917
C28      6295017.726    -26868563.687       870659.753   1970956884941.261
C28      6574531.843    -25026163.370     -9977747.245   341175029441.929
C28      7829074.838    -12387409.934    -18496932.586   1988521245387.548
C28     11424988.687      4595840.339    -22698418.217   9735040571.651
C28     17144409.974     17266341.982    -21607917.987   1098674273627.368
C28     23212895.438     19375852.272    -15478365.567   2466816998128.037
C28     27182004.223     10406125.135     -5739226.052   1116238634073.655
C28     27211630.548     -4171106.040      5333017.849   1995775263535.282
C28     23042980.628    -15882474.159     15161554.301   2980013209783.578
C28     16138640.731    -17828578.244     21463594.064   1175729179625.963
C29     20886870.015    -22254618.049      4601017.889   2447715571770.337
C29     18954961.649    -23766212.740     14590264.777   2315139552238.830
C29     16666774.711    -13654667.638     21178643.128   1693957467647.526
C29     15924984.016      3281357.888     22831737.411   1456680161308.596
C29     15915161.777      7315096.870     22823179.521   1456679638738.072
C29     17273007.492     18607181.811     19163638.932   1044900680311.383
C29     19595931.743     24741445.503     11027940.444   807623373972.453
C29     20738702.890     18996876.392       321749.772   744848242291.805
C29     18709171.895      4994397.620    -10458955.835   298168332358.785
C29     12816206.087     -9311329.214    -18802236.803   2919213860297.379
C29      4130969.584    -15922791.406    -22763518.579   2647036125022.642
C29     -4981312.892    -11109137.929    -21419770.668   2549360564406.187
C29    -12017562.500      2581587.299    -15085413.653   2137581053429.728
C29    -15559963.524     17692126.939     -5236053.997   923091557012.716
C29    -15915588.171     25861058.230      5834193.795   965017742118.737
C29    -14841102.493     22322495.781     15544657.560   623039148972.384
C29    -14502870.849      8487070.405     21631925.866   281060525846.786
C29    -16233682.937     -8794060.713     22678327.980   8882790572.048
C29    -19758917.590    -20876672.692     18439090.337   2769530064233.118
C29    -23310207.646    -21927879.835      9901191.915   2392651012171.712
C29    -24569043.394    -12029114.278      -944387.669   2364776309426.873
C29    -21914267.986      2956946.026    -11607024.296   1952997163412.436
C29    -15420190.999     14313758.431    -19498422.369   1296914284923.303
C29     -6733176.905     15650738.510    -22883055.345   1129437866435.234
C29      1566181.514      5881238.140    -20934994.963   578056639715.545
C30     20050860.316    -20144298.609     19305205.143   2632480181892.385
C30     15099187.547     -9397717.548     22856852.660   130187453101.639
C30     11851367.808      7534569.740     21080248.981   1498330177602.307
C30     10879313.582     22131290.688     14395731.997   1749658966302.418
C30     11095918.824     27053234.621      4361719.740   2105689071789.197
C30     10422008.572     20033103.692     -6691272.957   2950325242335.771
C30      7002739.298      5076841.565    -16186763.017   936638608584.066
C30       316292.855     -9682890.871    -21908531.317   36253032547.812
C30     -8435180.732    -16371886.470    -22526330.186   706387058415.349
C30    -16850710.452    -11588096.695    -17893105.193   1376521054303.640
C30    -22490022.155      1782780.342     -9082675.626   2500360746274.411
C30    -24084305.861     16112010.450      1845830.521   765877573988.411
C30    -22139528.271     23163105.203     12340488.167   633301584436.149
C30    -18587148.666     18543777.198     19959461.386   989331689922.927
C30    -15699787.695      4082375.345     22926549.178   1833967860469.501
C30    -14857652.315    -13107247.346     20549510.389   2155097537020.473
C30    -15815094.738    -24424558.857     13388962.395   2301725008933.916
C30    -16867821.850    -24373836.106      3112818.916   2169149019381.653
C30    -15826606.207    -13459449.793     -7891809.733   225263243501.563
C30    -11276297.538      2096336.824    -17058598.536   651094206859.957
C30     -3437714.821     13703131.037    -22248643.825   1356128661663.301
C30      5848659.384     15038418.105    -22255699.735   1956461799679.978
C30     13989379.746      5431578.694    -17073911.428   2417193221953.425
C30     18896304.249     -9769531.284     -7905831.840   2424218948144.392
C31     19962233.915    -23324500.238    -15222521.092   269552886723.577
C31     12629277.949    -21124737.896    -15647725.158   1637308872913.207
C31     14375477.080     -2178883.964    -13959979.811   2114245386617.250
C31     17581638.624    -24668652.342    -13011674.558   1928744920818.841
C32     12502715.349     26819225.879     -7065188.935   1116401315775.455
C32     12274672.727     21905513.574      3858221.205   2016786397829.688
C32      9502865.586      7921864.075     13972612.387   163550426395.839
C32      3365815.330     -7455784.539     20830301.297   540429478457.245
C32     -5232436.204    -15938186.280     22833397.860   812607213731.982
C32     10657584.825     15695631.917    -21499437.160   2921594828541.273
C32     20449024.266    -23857396.606    -13788929.725   269540239218.463
C32     19462514.304    -22452196.375    -16555559.736   195915933221.706
C32    -14037728.149    -13089988.493     19519195.972   1363988440451.671
C32    -20535487.743      -691712.381     11658688.324   2194573158616.310
C32     12629277.949    -21124737.896    -15647725.158   1637308872913.207
C32    -23181347.981     14225891.521      1080581.080   2920456559994.281
C32    -22136020.342     23166372.302     -9748073.528   613514952436.445
C32    -19103276.913     20760710.504    -18303556.464   990394004497.850
C32     -7467082.483       750596.528     21329214.472   1027225098241.744
C32    -16354145.004      7672338.686    -22594291.803   1995480867341.527
C32    -15475815.901     -9726774.729    -21617518.329   107344496951.117
C32    -16514928.787    -22732733.677    -15598986.240   658725723670.805
C32    -17972834.517    -24960780.738     -5944327.564   1873215220087.817
C32     26281556.017     12451483.103      2691353.834   1873281311764.246
C32    -17648071.969    -15676595.674      5150549.761   2599099038174.438
C32    -13901932.747      -380602.425     14992977.001   117654983119.157
C32     -6637480.642     12427002.389     21340571.455   599235447555.422
C32      2554560.473     15700568.735     22715153.847   1429820417689.387
C32     11098896.070      7723946.509     18831938.578   2434906789106.059
C32     16840771.864     -7183141.025     10555505.917   372268214078.120
C32     18849306.568    -20751109.294      -181420.457   958549869733.616
C32     -5179281.728    -10284988.047     33213379.810   213894087181.789
C32     17976427.450    -25311288.719    -10874490.271   1928736333620.730
C32     16258605.025    -17926116.871    -19032233.328   2829121909656.984
C32     15741946.915     -1982424.894    -22755374.295   696682476757.431
C33    -12021468.831      3839866.516     21745365.371   2268258847075.672
C33    -15898650.858    -12409147.134     22532325.136   2875846003240.083
C33      4877751.097       852758.899    -21147899.711   2134960808000.133
C33    -21133486.422    -20909383.186     18065719.557   590209896191.161
C33      8944516.296     10390773.276    -22814035.251   917174043498.117
C33    -25561476.483    -17722529.190      9389475.055   1162896623419.765
C33    -26920934.089     -5140156.481     -1525750.811   1910088820298.731
C33    -24072428.214      9263265.263    -11988064.046   2098867474282.881
C33    -17596283.437     17348104.243    -19717167.705   2880956805105.575
C33     -9566995.677     14171199.650    -22852700.327   560420269120.846
C33    -12336657.109      8927266.097     12234960.586   1420345571050.312
C33     -2493760.575      1011741.328    -20664447.699   1342509599943.540
C33     -5813576.365      7476599.230     19374109.653   1934095999220.524
C33      1939802.769    -15378141.314    -13662228.822   1566191977855.578
C33      3667088.132    -26376406.218     -3471533.168   2348281338657.517
C33      4154635.476    -26098305.733      7531066.628   2851167178035.260
C33      5510566.362    -14499165.358     16811515.867   635334753925.242
C33      9182039.929      2253455.305     22103623.404   1312719972873.225
C33     15166608.986     15744832.694     22281642.340   2583415428714.205
C33     21810924.970     19144194.488     17264438.985   2632595631967.960
C33     26673274.513     11201224.217      8225069.216   556362128513.129
C33     27773649.613     -3187982.206     -2726460.970   1338451459335.823
C33     24618483.126    -15656588.134    -13044405.412   2120540820137.762
C33     18455906.886    -18875743.877    -20327154.789   2832829293088.841
C33      3898450.480     19617136.881    -13543977.671   1155475845269.858
C33      3740694.725     20886502.649    -12629358.807   1797267927304.549
C33      2958528.993     27810237.288     -2218283.050   70038803145.529
C34    -20244563.676     20353472.184    -19082335.599   2439983984237.009
C34    -15309463.722      9858816.233    -22791112.524   2967231678253.731
C34    -12027896.825     -7022372.806    -21191053.419   1749457565729.133
C34    -11006979.655    -21809371.988    -14652151.715   880687832500.347
C34    -11201835.574    -27047791.865     -4691196.404   256221161780.704
C34    -10547812.900    -20236030.651      6417904.369   2245776018305.108
C34     -7181510.474     -5356069.175     15970745.796   1307207845405.538
C34      -546331.325      9496811.614     21800004.213   403538286659.738
C34      8191769.596     16387281.573     22547897.477   2637391765028.785
C34      6585452.193     -8829954.586    -14760841.124   656177517027.422
C34     -5844411.045      7334139.651     19423347.614   1934097944006.008
C34     16601585.588     11843855.215     18073223.658   1908221625657.528
C34     22331407.082     -1416615.059      9381786.780   1179053608171.971
C34     24048456.107    -15849277.290     -1490959.026   170682129220.709
C34     22212266.307    -23183949.437    -12020331.157   2509239579586.014
C34     18712936.652    -18876650.292    -19752039.875   1780071592079.702
C34     15820374.304     -4596524.532    -22880556.356   1574410128548.240
C34     14942549.047     12643107.430    -20679655.747   182133871344.606
C34     16478787.934     25880565.862     -9275411.410   2032130480780.844
C34     16944979.272     24487893.395     -3446050.741   1302917209185.312
C34     15969564.192     13776353.526      7569061.640   469047904892.333
C34     11511114.885     -1776747.346     16814395.314   2842505814172.690
C34      3740719.136    -13576134.740     22140086.385   1869034764157.236
C34     -5538879.845    -15182374.989     22304818.411   1384169809180.823
C34    -13731430.078     -5773541.783     17269768.978   271097013442.893
C34    -18731343.312      9407138.259      8215704.111   2749256209530.673
C35      9581683.728    -11208979.545    -12469125.985   2323804873361.845
C35     11768728.701    -23901473.374     -2003873.342   910679669583.583
C35     11772228.788    -26426228.920      8922987.083   684169229498.248
C35     11687374.760    -17117197.549     17766571.456   2478371209314.077
C35     13339725.298      -529085.459     22470875.944   1344449467001.521
C35     17212500.028     14965204.128     21935000.678   2859447955372.399
C35     22121219.245     21648060.064     16290760.297   1900028387718.125
C35     25815701.700     16592600.714      6861678.953   626504929662.339
C35     26160576.286      3160254.052     -4166607.568   2734810799879.680
C35     22250234.546    -10884391.638    -14274124.893   1426387329993.704
C35      8022672.360       309212.290    -21510214.917   2468338495323.406
C35     15076435.380    -17294081.489    -20976816.607   222664282724.670
C35     -2158154.130      8953033.644    -16446457.923   568871305229.920
C35     -4092140.008     17834927.142    -11388383.060   656434110121.853
C35     -5457999.627     27121421.729      -740294.921   1264021266286.264
C35     -5827054.861     24691554.572     10074028.750   444203444354.466
C35     -7300535.077     11669598.546     18537821.961   2482708456700.192
C35    -11172067.817     -5283166.722     22682321.390   1174284569708.599
C35    -17121472.131    -17502397.076     21537268.465   2968486519545.182
C35      8396180.367     14094737.032    -22947504.468   1133126140751.356
C35    -23303356.292    -18967135.236     15378115.098   1764763919361.010
C35    -27284192.807     -9512438.503      5646445.364   770443922770.929
C35    -27279433.804      5224217.923     -5457107.040   2878751666249.791
C35     17775358.798    -25056633.631    -12000648.714   1928740786241.973
C35    -23133815.213     16514220.204    -15199075.527   1570325905996.677
C35    -16339685.597     17850049.795    -21451653.686   680707196214.018
C36     20933472.159     16233933.623     17057271.602   2134081785922.215
C36     26069650.052      5267522.253      7976693.472   2709824837301.636
C36     27186188.227     -9555656.635     -2951662.893   985652007314.190
C36     24299238.466    -19665022.656    -13190065.043   1491594170842.751
C36     19026997.026    -18984519.361    -20360119.425   2067337222222.173
C36     13735994.448     -7226171.412    -22772329.733   2747781590388.263
C36      9830523.400     13825599.782    -18409063.806   360592721467.272
C36      9052602.401     26441206.504     -8449168.729   971293448463.469
C36      8989786.486     27088861.806     -1889142.169   2419397895689.557
C36      4747972.664    -14700132.644    -16357474.121   339416764882.209
C36      7837979.966     18682802.840      8984126.954   2192430931649.179
C36      3966799.838      3093022.787     17757568.126   2803074411964.409
C36     -2935652.873    -11288857.720     22395635.011   694996803724.588
C36     -2190516.393     14099917.479    -22300110.410   2630886571239.463
C36    -11528190.427    -16897006.267     21834626.771   1305640284039.818
C36    -19397213.300    -10982804.487     16195415.990   2195487255799.998
C36    -24222069.816      2902990.421      6786247.737   296812251154.268
C36    -24953380.048     16811682.654     -4193149.737   1047057477191.972
C36    -22298043.775     22714984.907    -14195131.017   785190054236.542
C36    -18265750.348     16806077.202    -20893428.731   1326032676680.156
C36    -15076565.770      1598985.290    -22707538.337   439470291048.316
C36    -13966954.873    -15348870.320    -19212987.431   770910309897.840
C36    -14536319.036    -25523288.650    -11236721.599   1276852473426.401
C36    -15013589.260    -23944236.091      -576476.423   2166700026221.671
C36    -13278901.677    -11879961.965     10176845.034   2916947062515.757
C36     -8134338.507      3865106.526     18551696.196   634369658787.929
C37      9810606.780    -15235802.146    -21393713.949   164183438170.906
C37      5302100.475      2078005.899    -21453600.202   2135002715872.027
C37       684608.810    -14285039.312    -22567616.944   2642570926215.452
C37     -7324107.766     -2800680.657    -18464357.790   1878730771750.855
C37      3254012.798     14876013.030    -22849608.918   1250789758772.519
C37    -12310133.934     13049410.488    -10050703.406   1882700173791.004
C37     20280815.101    -23709937.236    -14301549.812   269544665845.253
C37    -13964938.265     24623966.341       705748.820   1049059161454.793
C37    -13600610.164     25444869.995     11306028.299   75816373416.860
C37    -13326777.374     14673608.840     19272426.106   2449502544674.738
C37    -14829520.928     -2385449.715     22744560.389   1860164564868.424
C37      5427713.415    -10805665.530    -18107022.873   339425285272.419
C37    -18394037.279    -17153951.485     20930260.483   1131224869318.880
C37      8821183.221      2951266.270    -22023223.508   2468341956217.839
C37    -22699909.086    -22355868.240     14252564.205   716389064170.849
C37    -25488198.395    -15833659.245      4253422.486   161951513300.342
C37      3995562.087     13381139.624    -22671637.297   2631088112241.590
C37    -24775529.103     -1711251.423     -6732063.019   2291334622049.077
C37    -19952759.538     11844144.135    -16141767.086   2190602737281.803
C37    -12141382.822     17054279.250    -21793394.319   1671065645326.350
C37     -3672820.536     10695740.703    -22360467.490   1011926777669.175
C37      3043893.115     -4113176.276    -17698676.158   282987082119.631
C37      6730465.958    -19555046.177     -8906648.771   2656673223398.264
C37      7823153.853    -27352892.150      1962129.834   2486140480759.376
C37      8096383.532    -23186144.515     12382055.308   2106205104547.152
C37      9584104.305     -9016977.292     19915977.628   1377265408997.608
C37     13382666.846      7925620.601     22806853.923   1067130890656.999
C37     18979209.092     19058457.087     20398153.143   477792910850.685
C37     24451585.435     19001883.704     13248375.583   551563230720.940
C37      9966582.708     -9993813.644    -19868889.963   2718140790317.899
C38    -17810056.207    -18648606.257     30338198.789   237202915838.402
C38    -20816951.383     -5445882.494     24959319.326   232681838714.966
C38    -21621692.541     11488246.071     17857452.490   297961634452.768
C38    -20005271.946     27583195.423      9515324.722   42859996641.746
C38    -16403686.542     38477922.397       512084.635   108139789381.624
C38    -16451160.356     38671439.174      -390817.847   109439758110.483
C38    -16341254.605     38845130.645      -164208.756   8187835679.309
C38    -11652425.000     41291893.719      8807217.523   3666758555.873
C38     -7260643.508     34897729.168     17188311.726   124435961776.230
C38     -4341924.202     21369482.467     24402811.838   134226347033.552
C38     -3675775.600      4347353.397     29948515.695   213817602154.188
C38     -5432869.302    -11578138.658     33440565.706   139495652169.514
C38     -9131675.299    -22119426.199     34641893.492   114385602495.179
C38    -13773804.112    -24449374.147     33475025.552   124175984754.577
C39    -12287045.271     38767279.403     -3146856.685   9895212864.470
C39     -7867068.471     41856232.265      5504425.861   7634611568.392
C39     -3428588.245     36345498.736     14161455.372   25058831631.847
C39      -337859.839     23397904.559     21850445.201   12503805895.303
C39       580248.365      6504012.532     28040068.956   5322077602.343
C39      -914212.956     -9784970.434     32307281.764   3061539040.625
C39     -4415732.216    -21090888.100     34364495.370   15564569372.839
C39     -8984873.234    -24377955.446     34072731.080   23146410273.604
C39    -13397128.483    -18757008.408     31446981.323   11043492249.403
C39    -16466140.845     -5730155.808     26658267.163   8782953687.685
C39    -17362221.307     11194863.343     20029593.142   26207173751.141
C39    -15841404.041     27442839.338     12018721.484   28867824620.872
C39    -12316302.609     38619164.913      3184055.060   6922527433.980
C39    -12222393.754     38809898.356     -3121338.750   26805830014.236
C45      8913319.991     15805075.743     21913247.522   229145384059.979
C45     11471726.817     14363034.024     20767443.001   155517913189.019
C45     18682821.018      3260133.423     13875412.936   81944194214.796
C45     18621036.512     25028621.891     -7521414.066   236320906384.281
C45     18842601.035     17936431.804      2457591.522   162740231282.245
C45     15946388.556      3223429.203     12819912.615   89166515305.946
C45      9360558.882    -10652799.562     20197551.004   280484816402.141
C45       380088.041    -16006303.517     22865943.172   206911100425.842
C45     -8539848.904     -9878930.966     20208095.388   168237816383.275
C45    -15003752.700      4376153.913     12852413.120   164464967272.365
C46     27256615.117      7756509.676      1347631.417   2078609898310.905
C46     -2557666.416     27103073.232     -2527691.126   1552478158579.907
C46     -2885299.059     27181266.189      4862404.692   17252276497.509
C46     -4011648.786     17586388.017     14763020.012   1933948195523.814
C46     -7349230.297      1176673.426     21227002.391   1027221679229.157
C46    -13170510.272    -13559282.163     22739973.348   85594763977.937
C46    -20085027.570    -19153462.554     18959481.607   2037191111940.050
C46      8511644.089     13057141.891     22865481.548   1926224030660.598
C46     11448747.476     16057162.605     22570974.236   844742776744.639
C56     -7653408.797     38865455.069     -5669648.686   22751660471.418
C56     -4844117.535     42085899.395       -14776.776   32525320189.378
C56      -431359.696     39547613.015      8645187.083   34281756234.007
C56      3065452.710     28680664.895     16751861.243   147017010241.670
C56      4725629.705     12361670.777     23743911.698   37794628323.264
C56      4125111.168     -5023639.739     29120299.942   88762958682.383
C56      1454955.605    -18783601.185     32499443.860   195220702519.906
C56     -2541722.539    -25231136.744     33656776.734   141487728084.055
C56     -6786631.235    -22669808.515     32527389.710   87754753648.204
C56    -10155923.959    -11798807.625     29187470.927   208523956868.561
C56    -11762367.430      4488486.530     23840723.686   189691417364.367
C56    -11178358.590     21824956.769     16822136.117   275560185653.067
C56     -8558648.291     35495614.076      8603729.621   47325036558.933
C56     -4617006.130     41743198.504      -226428.783   188683212330.188
C57      8892185.517     -7522944.345     20525515.624   512955925623.340
C57     12177849.739      6401854.606     23047018.907   1154231122421.275
C57     17963745.372     18099191.181     21187179.015   1795577337675.396
C57     23854284.948     18924834.630     14396949.291   2436923552929.516
C57     27368946.133      9067150.053      4251662.222   115245647098.690
C57      -344873.167     27774905.986      1746798.211   1105768963973.654
C57      -353177.284     27726439.129      2027568.906   2374554160361.526
C57     -1241242.770     19859026.491     12578935.109   297179287060.597
C57     -4351395.659      4195026.593     20197074.398   1008326360186.333
C57    -10209975.548    -11102546.161     23108664.927   1579871717568.838
C57    -17619547.623    -18220323.332     20645349.221   2221217932822.959
