# PRN   Epoch (UTC)                  X (m)              Y (m)              Z (m)     dt(m)
G01     -8373076.964    -13779691.390    -21368089.543   611643606887.862
G01      9107647.563    -19235856.463    -15884957.729   573458561844.469
G01     14287461.587    -21457577.775      5443369.863   395668821513.891
G01     13687582.232     -7650521.528     21179490.642   357483776470.498
G01     19360344.840      9971363.199     15220161.519   179697015683.875
G01     21525593.134     14686027.920     -6155647.276   141514980163.685
G01     12187880.761     13595436.218    -19605479.894   421644748739.466
G01      8045788.482     13812045.266    -21469854.779   242934329326.285
G01     -9320481.992     19356587.587    -15605000.701   204746635799.375
G01    -14275107.264     21345884.980      5885190.536   166561620735.228
G01    -13731207.938      7264013.507     21290387.638   2986699439948.605
G01    -19481359.075    -10178580.191     14933542.659   2948511415361.256
G02    -15044440.213     14402333.070     17041713.481   1318451518566.583
G02    -21842477.419     14458260.896     -3346152.678   2522630552577.981
G02    -16308737.809      2866107.892    -20113795.389   868486872418.916
G02    -13643277.126    -16012071.173    -15656484.953   2212267772259.851
G02    -13500208.115    -22501406.731      5110606.300   418522177531.215
G02     -2424686.048    -16818485.229     21068750.305   1762303246219.245
G02     15264919.270    -14414873.795     16824616.077   2966482261469.854
G02     21821571.733    -14394398.466     -3681015.406   1172736835588.314
G02     16200979.970     -2543009.558    -20241411.405   2516517904276.344
G02     13655508.142     16275054.809    -15384249.627   722772478394.804
G02     13413269.605     22461392.567      5548816.430   2066553408214.984
G02      3091963.805     17060308.468     20779440.541   2206218985681.847
G02      2122173.020     16714816.450     21185774.036   412409878142.226
G03    -13034335.399    -22951238.318     -3428979.078   61839353981.149
G03     -2658073.771    -16892978.060    -20404916.727   252149453041.090
G03     15604132.381    -13182153.019    -16987899.225   3065348378.556
G03     22815204.309    -13049137.455      3418709.490   193375036919.373
G03     19349252.037     -7676206.172     16385143.140   193483505194.614
G03     16745448.070     -2437864.252     20389826.100   244112105879.635
G03     13095662.186     15947729.387     16711537.072   134629784660.909
G03     12975852.039     22924466.242     -3813902.768   25147422722.925
G03      2365254.379     16769312.982    -20541868.940   75855779058.316
G03    -15867345.343     13183820.796    -16739106.836   266165878118.257
G03    -22783742.790     12978679.686      3861554.003   156683516180.274
G03    -16622047.323      2140922.302     20524293.882   47200817748.226
G04     -7456941.402    -15995650.660     19850704.636   109898291241.922
G04     -2921386.549    -26291951.259      2158820.997   128470853724.463
G04      2001745.528    -19615699.321    -17716938.944   286645373031.047
G04     16233745.368     -7242471.679    -19647056.574   145027220238.139
G04     26311878.312     -2751697.699     -1796268.852   163599239977.140
G04     19427502.834      2258591.213     17953771.651   21981409832.432
G04      7140012.058     16433984.640     19607590.815   180155389393.399
G04      2717878.697     26357115.457      1525877.072   198728277522.065
G04     -2374201.504     19261461.250    -18055254.323   57110121731.232
G04    -16683079.611      6918376.561    -19385934.089   215284426938.324
G04    -26372062.668      2542007.456     -1104864.235   73666274145.416
G05      2946818.360     26287374.725       -18748.483   7030986329.396
G05     -3106650.977     18326955.894     18760173.949   24907314105.195
G05    -17916056.298      6554367.661     18420670.534   12804396080.995
G05    -26526800.547      2692870.404      -539200.143    701478056.794
G05    -18501786.031     -3123659.062    -19006583.641   8283318957.558
G05     -6870836.189    -17704249.228    -18624749.306   26159646733.358
G05     -2905404.173    -26288298.601       321847.152   14056689041.831
G05     -2440524.552    -25983979.722      4189635.816   23449706652.424
G05      3280889.787    -18126940.932     18924955.305   11344078027.614
G05     18143253.174     -6434777.205     18242934.179   18925883368.741
G05     26522231.640     -2648980.801      -933617.748   6823005311.659
G05     18270909.954      3321983.691    -19194343.043   24699333087.458
G05      6732829.229     17967413.518    -18418191.855   2301927888.430
G06    -25010360.415      6422013.902      6331857.317   1749935638718.642
G06    -21635280.495      2686111.108    -15142067.197   2615649077775.855
G06    -10386557.813    -11793503.312    -21359979.146   343836161131.348
G06     -6334819.918    -25040958.581     -6079355.059   1209547600279.717
G06     -2522906.054    -21546447.270     15354375.752   1935659263635.210
G06     11995081.171    -10337673.487     21376684.847   2801374672622.022
G06     25092041.584     -6408717.610      6012107.269   529559786047.916
G06     21480346.427     -2557614.993    -15381939.257   1255671479382.654
G06     10243112.272     12089929.863    -21263121.270   2121386888369.466
G06      6315356.235     25147758.575     -5646209.435   2847498551724.958
G06      5719097.559     25712591.507      3342591.506   2987415394196.397
G06      2347079.038     21336437.254     15673614.734   854890934201.397
G07    -23130699.397     -6850187.078     11918368.590   383150807750.330
G07     -8029168.764    -13247437.061     21846311.282   2983347389114.297
G07      3590431.204    -24093259.057     10268431.396   2585619390478.265
G07      6589886.875    -22548229.735    -11633406.550   2327493137564.708
G07     13739000.540     -6799238.668    -21430810.582   1929765421239.399
G07     24648683.419      4548031.499     -9195547.905   1532037422603.366
G07     22954155.280      6887415.769     12235859.096   1273910887379.086
G07      7755487.132     13429892.366     21827784.994   876182888743.054
G07     -3701934.031     24233868.769      9873120.809   618056918140.220
G07     -6647053.533     22334005.460    -12005999.605   220328919504.188
G07     -8068216.668     17831387.274    -17447688.260   2939087712224.653
G07    -13931172.654      6520849.494    -21399463.009   2541322260366.069
G08      4273085.232    -24464551.653     -9058827.909   240468925721.394
G08      6298659.762    -23776906.080      9759111.317   142145710256.048
G08      6660478.531    -22151388.568     12883561.992   235948113446.310
G08     13832797.053     -6365042.249     21811866.489   30057810144.956
G08     24752201.085      4407003.342      8941472.766   123960524648.425
G08     22396038.319      6528429.341    -12868629.784   217863540104.214
G08      6564055.100     13662864.130    -21757475.867   11973799605.607
G08     -4362933.897     24580651.385     -8692846.380   105876514109.076
G08     -6712048.128     21947471.311     13205279.924   199779231610.470
G08    -14062392.627      6043346.654     21759569.205   293681949111.863
G08    -24882330.563     -4501864.280      8524989.352   87792205615.332
G08    -22193251.065     -6577086.117    -13187723.673   181694923116.726
G09    -11644924.625    -10863701.845     21198686.372   281007490942.053
G09     -7392689.596    -24540438.242      6892540.321   116783949534.040
G09     -3343490.381    -22114165.501    -14371369.054   92162150850.578
G09     11041903.049    -11617125.300    -21233251.602   227731070440.490
G09     24556263.341     -7474384.931     -6892684.285   203108762519.040
G09     22028172.892     -3362701.898     14403430.607   38885730349.016
G09     11516494.888     11130196.656     21130637.151   174454140700.940
G09      7360916.968     24653841.360      6514341.920   149832851255.466
G09      6932412.266     25623791.333       650375.195   10285031175.674
G09      3178623.454     21944707.406    -14666681.627   285402220503.443
G09    -11350548.933     11470311.814    -21150066.094   121178229437.365
G09    -24683174.954      7439577.173     -6460281.104   96556430753.903
G10     18474301.172      3730989.349    -18738773.156   2770755354936.013
G10     24112351.290     11431276.125       265768.200   1064375147372.375
G10     14387244.635     11969057.599     18999577.649   2355914610973.854
G10     -3380250.906     18388225.259     18841096.310   649539342224.344
G10    -11231189.306     23928261.764      -286457.388   2080685490362.426
G10    -11528073.778     18823292.664    -14539221.707   1663226354423.477
G10    -12017558.702     13801894.002    -19100608.602   96581753623.909
G10    -18628901.894     -3978805.327    -18537117.221   1388125030543.561
G10    -24093626.128    -11457370.185       654772.973   2679669432959.167
G10    -14051571.080    -12017272.996     19216797.515   973289225395.529
G10      3592600.700    -18519505.594     18669547.146   2264832395354.838
G10     11256506.327    -23909085.925      -621560.934   558452187791.200
G11     -5553230.852    -15788519.574    -21158529.216   962267531656.909
G11      5866331.213    -24691083.799     -8855943.418   934162893570.706
G11      8901949.497    -21848015.977     11991873.365   1045661644591.574
G11     10954035.448    -14795054.502     18740663.861   627181441847.435
G11     15140890.404     -5711175.404     20534365.022   598754960115.559
G11     24243902.391      6590939.719      7616683.776   570650477979.425
G11     20892385.431      9848352.279    -13345771.524   682150932343.382
G11      5284740.892     15946233.806    -21111497.289   654047967621.021
G11     -5976204.735     24793689.799     -8469208.734   765546748621.135
G11     -8952207.381     21624386.959     12336062.861   737443783898.774
G11    -15330557.569      5382189.985     20479417.512   709340789197.167
G11    -24340610.012     -6709573.373      7215904.364   820839570197.281
G12      9504935.319     20573103.164     13774123.898   332934244992.558
G12      8158207.754     24138121.782     -8024746.807   811001735755.525
G12     -3278488.388     14980590.033    -21923292.708   1149467480796.017
G12    -20234037.254      9863380.978    -14180003.709   1627534941579.738
G12    -23839319.813      8365532.231      7695295.582   1966000686620.230
G12    -14609017.457     -3560581.712     21661636.128   2444067965200.700
G12     -9493158.818    -20781440.001     13472924.028   2782533922423.688
G12     -8082242.732    -24044963.603     -8381071.765   262676833186.655
G12      3562533.886    -14826724.603    -21982128.888   601142548247.901
G12     20441330.543     -9851530.392    -13881301.631   1079210039010.868
G12     23760025.334     -8296918.121      8001715.012   1417675571868.863
G12     21208579.197     -5759067.009     14577491.280   1557305797197.591
G12     14453574.679      3854011.264     21717025.030   2035344996960.969
G13     -2981707.289     17189480.280    -20127779.092   206632614562.585
G13    -12675089.708     23174896.005     -2481418.037   137839949733.451
G13    -12754038.317     15053274.382     17622751.395   69047284904.316
G13    -17207131.751     -3351315.456     19852426.234    254492765.684
G13    -23143427.902    -12950200.325      1947735.496   91652670521.496
G13    -14948772.863    -12891524.742    -17928546.376   22860005692.362
G13      3262845.548    -17322186.712    -19967914.861   253859798863.227
G13     12715105.683    -23184487.917     -2147455.118   185067006724.595
G13     12762556.964    -14813215.380     17818366.088   276465060168.835
G13     16600866.518      2014313.774     20529427.253   17896707033.993
G13     17361064.547      3674508.253     19662555.354   109248841188.365
G13     23150329.405     12986979.213      1614076.699   40455935885.736
G13     14669538.856     12900577.335    -18151917.300   131854113641.548
G14     17602994.513    -17036776.596     -9703064.402   166837746535.702
G14     15062918.344      -883576.805    -21528401.013   217058118246.058
G14     18231806.591     15711978.538    -11105592.820   267278223590.576
G14     16732534.140     18021835.731     10588686.172   17705598573.406
G14      1095606.519     15363820.321     21966499.236   67925970283.762
G14    -15080153.407     18510270.193     11762779.400   118146072630.356
G14    -15796714.017     18789644.514     10227622.646   237167429517.185
G14    -17547485.983     16851400.126    -10107938.471   287379181587.133
G14    -15068283.099       529530.836    -21538327.657   37806586499.270
G14    -18294478.182    -15884330.054    -10764361.471   88026691843.788
G14    -16549762.147    -17960732.083     10982221.170   138246794190.382
G14      -803031.948    -15367827.666     21974670.366   28275911897.763
G15      9522676.657     12970764.987    -21416034.214   1412852289392.642
G15      -860966.259     24562205.616     -9854595.363   1685030024667.379
G15     -4501867.210     23125215.582     11577071.979   1817606014219.642
G15    -13419718.696      8526100.079     20996689.425   1950182033751.150
G15    -20155792.500      1901608.153     17081390.501   1810674185487.203
G15    -25076995.670     -1723324.908      8854145.142   1943156681007.181
G15    -23433452.842     -4838113.920    -12226225.309   2075732297112.444
G15     -9264993.583    -13185404.073    -21392898.156   2347910032387.182
G15       944511.226    -24671194.069     -9557318.136   2480485568084.918
G15      4573980.146    -22968339.785     11854969.583   2613061557637.181
G15     13643590.068     -8263329.230     20962811.026   2745638031023.214
G15     25180559.288      1800009.663      8554143.829   2878213566720.951
G15     23253065.425      4912243.188    -12539957.661   152467175850.214
G16      5866429.036    -16382345.302     19733118.515   23602233717.520
G16     19368740.029     -2679568.674     17987693.581   165708994735.983
G16     26716482.903      1313317.231     -1921697.481   8051283342.614
G16     16925501.464      5684496.075    -20001298.270   150157690124.319
G16      3402440.730     18826483.963    -18417358.645   292264099903.949
G16        13073.961     25011012.181     -8431140.422   292327885005.509
G16      -993626.586     26235102.776      1619896.113   134578300427.545
G16     -6061095.740     16078336.102     19927524.789   276684455467.359
G16    -19604852.222      2528818.732     17760050.285   118998404249.064
G16    -26687117.974     -1335014.592     -2310197.900   261104811030.769
G16    -16666827.073     -5844892.156    -20168011.368   103418759812.474
G16     -3248736.559    -19062091.365    -18193888.765   245525166594.179
G17    -17651923.345      7751718.783    -17810486.236   2858091301264.778
G17    -13367178.337    -11249517.999    -19602904.765   2666253058116.975
G17    -14590396.228    -22184470.950     -1143011.767   2614016475328.939
G17     -7250391.522    -17953246.333     18638949.493   2422178232181.136
G17     10925338.240    -13835579.624     20267656.603   2230339989033.333
G17     21681603.131    -15180911.445      2066341.382   2038501771289.747
G17     21796430.289    -14948078.853     -1748436.916   2875960118490.429
G17     17547121.347     -7522395.966    -18007488.101   2823688688881.310
G17     13364164.531     11569380.296    -19422665.495   2771452219697.043
G17     14576044.652     22221456.474      -685210.706   2579613976549.240
G17      6992053.677     17831509.427     18857375.033   2527376925161.910
G17    -11277486.438     13835549.589     20068709.160   2335539205996.863
G18      1016748.626    -15710763.103    -21889087.981   2930872856177.989
G18     15248558.601    -19925682.264     -9068370.913   2519092850299.121
G18     16240567.749    -16341913.942     12627981.385   2107313369301.907
G18     15282654.048      1506307.044     21176549.101   1695533888304.694
G18     19494698.775     16186830.481      7611473.984   1144152661585.006
G18     15723185.185     16809211.428    -13838494.469   732373180587.793
G18     -1294092.781     15746013.960    -21847140.061   320593699590.580
G18    -15389518.190     19988210.677     -8659456.995   2906739323475.023
G18    -16513376.707     17448188.912     10719192.597   2069335700439.145
G18    -16192052.320     16134682.399     12941681.254   1517934587283.142
G18    -15326852.588     -1848695.426     21119842.640   1106155056257.158
G18    -19544476.835    -16305759.571      7246315.642   554773829537.470
G19    -18633219.176     13813679.993    -13247937.599   279211150613.626
G19    -14757928.629     -2956003.128    -22176639.614   1102770112608.052
G19    -17207641.245    -18096513.176     -9316155.197   1926329074602.478
G19    -14154868.761    -18329095.176     12696285.412   2610285810716.788
G19      3160771.988    -14478501.715     21749316.989   435920192711.214
G19     13437529.468    -15427525.549     16652667.089   296432831015.219
G19     18582891.104    -16890295.160      8382091.743   1119878372575.062
G19     18559346.478    -13656267.979    -13517833.669   1943436370977.590
G19     14750961.198      3292712.763    -22133020.565   2627394097386.428
G19     17254363.294     18227914.713     -8955044.054   453028509360.100
G19     13965673.796     18243686.625     13017673.760   1276586961217.638
G19     -3558603.704     14471123.502     21693720.589   2100146433348.952
G20     20016117.144      9142194.076    -15110173.461   1124045195029.086
G20     21397582.170     11668675.825    -10889057.553   1263635723713.177
G20     19716399.369     14495099.678     10464449.861   1542839252056.281
G20      3556248.031     15378639.323     21261152.277   1682440997778.756
G20    -11692335.301     21233166.232     10524624.399   1822042743501.231
G20    -14456669.509     22138444.967      -852756.603   1961652307532.259
G20    -14598239.363     19235647.787    -10932165.087   2240847983487.770
G20    -15600763.769      2987206.987    -21388102.966   2380449696411.887
G20    -21492893.459    -11841085.594    -10507969.150   2520051442134.363
G20    -19567637.805    -14484656.029     10749588.956   2799254896681.161
G20     -3223411.280    -15451185.304     21259206.120   2938856679301.789
G20     11823939.743    -21301759.563     10235588.704   80533778146.866
G20     14588953.341    -19081591.792    -11215384.807   220135523869.341
G21     24491980.252      3688254.973     10081846.961   78105324396.750
G21     21752482.988      4799368.271     15095355.107   98711229523.889
G21     11317535.296     11123520.873     22081613.383   286011770741.731
G21       773450.574     23620400.294     13114391.140   13345640701.404
G21     -2217847.573     24953011.921     -8332785.736   200662818717.470
G21    -10286865.688     11145944.891    -21027725.972   227789281458.086
G21    -23546495.381      -498646.438    -11277136.695   115314004472.076
G21    -24328231.045     -3755194.960     10479754.342   142440467212.692
G21    -11063708.514    -11331743.008     22107868.394   29965190226.682
G21      -677784.482    -23786533.661     12798969.035   57091652967.298
G21      2278757.506    -24812746.978     -8691225.976   84218115707.914
G21     10513577.047    -10869722.215    -21056408.354   271535296721.904
G22     -8537535.934    -22804432.957    -10509329.348   449875016907.302
G22      5705259.375    -14732211.348    -21132887.129   2338011387297.712
G22     21606879.829    -11325265.571    -10162156.303   1088621461944.892
G22     22789689.245     -7998212.441     11150939.465   2976757663977.921
G22     14807996.190      6094536.679     21408720.382   1727367708645.856
G22     11650801.275     21624576.469     10448489.723   477977981629.663
G22      8395128.988     22698333.420    -10840451.352   2366114381999.319
G22     -6024387.871     14612434.980    -21126306.388   1116724426667.254
G22    -21774655.387     11308516.312     -9823010.283   6936247036.910
G22    -22665352.728      7832581.794     11524286.619   1755470901684.090
G22    -14692481.623     -6406617.270     21398273.202   506080748015.397
G22    -12754693.255    -13128633.134     19495128.662   785314166253.654
G22    -11637476.981    -21788001.243     10112651.523   2533819268743.379
G23     -5497027.471    -19183996.886     17685069.438   2972144577551.200
G23     -4034722.609    -21971932.410     14415117.283   113839108747.258
G23     -1286777.446    -26205031.296     -2089195.187   1084008581796.642
G23      5479074.158    -16562263.771    -19573627.464   2054194839405.286
G23     19955171.088     -4522213.707    -16789944.882   26456524955.774
G23     26621684.314      -689909.563      3084126.899   996642958863.642
G23     17085796.430      5463694.308     20047830.684   1966829621087.384
G23      5366968.406     19417287.056     17460101.352   78693022381.101
G23      1245930.407     26174969.523     -2416177.773   1048879486268.216
G23     -5681056.557     16319713.354    -19721321.967   2019066148491.958
G23    -20222708.109      4376431.501    -16517220.334   2989252582399.827
G23    -26574470.804       643792.843      3514830.056   961514466286.941
G24     20911141.382     14759196.133     -7933533.123   29190494666.035
G24      6451099.598     14852059.759    -21269946.752   6793089467.008
G24     -9974606.633     20463619.541    -13557969.006   14374930367.773
G24    -14405178.013     20609772.391      7790117.015   21956770968.745
G24    -14845470.373      5534137.041     21107047.211   29538611869.510
G24    -20618276.194    -10818163.689     12922453.351   7141184067.647
G24    -20782898.645    -14748000.376     -8287241.696   14723047271.455
G24     -6126421.672    -14904141.795    -21325696.289   12010400997.394
G24     10160938.417    -20564307.687    -13255805.571   19592241898.159
G24     12479603.102    -21832440.774     -8136935.117   23211496986.110
G24     14399601.058    -20473007.248      8149037.016    811718489.290
G24     14894631.987     -5250308.251     21148127.116   8393516695.809
G24     20718647.030     10996968.162     12615796.052   15975357296.781
G25     17601224.439     19370344.798      5068118.907   22644055846.338
G25     12110795.468     17821678.213    -15917463.060   162245795572.964
G25     -5850197.504     15135498.584    -21192004.886   2055080297.515
G25    -18860153.502     17744779.889     -5445589.234   141656823022.065
G25    -17471818.551     11843721.757     15740886.070   281258565746.616
G25    -14939929.129     -6690766.406     20753919.573   281258565746.616
G25    -17624187.168    -19464941.537      4629508.932   121067847473.242
G25    -11878599.219    -17736256.690    -16186127.460   260669590197.793
G25      6177152.561    -15154148.028    -21081352.735   260669590197.793
G25     18933945.851    -17759266.742     -5116629.055   100478874922.344
G25     17400756.512    -11635445.395     15972701.553   240080614648.970
G25     14861214.442      4912426.214     21278217.576   260669590197.793
G25     14961526.567      7021555.784     20633169.209   100478874922.344
G26     12840324.362     -8630165.252     21574577.744   298424161307.609
G26     23238907.444      1678867.393     12921058.908   138306737962.842
G26     24448133.689      2535490.008     10307485.182   19709331936.460
G26     23573139.115      5355787.391    -11253595.166   200977085943.966
G26      8831472.628     12715087.599    -21596827.339   82452572757.036
G26     -2389171.558     24282445.160    -10257850.008   263720514572.180
G26     -5443860.981     23217977.351     11457934.367   145196001385.250
G26    -13069296.963      8323043.984     21560570.867   26671485200.394
G26    -24579572.137     -2625250.988      9970116.800   207939430013.463
G26    -23403068.101     -5406287.906    -11577908.536   249605632101.982
G26     -8564584.942    -12913715.388    -21584008.293   131081115917.127
G26      2467943.153    -24393859.698     -9968081.718   12556391446.603
G27     12312911.111    -23257327.918      1844017.237   763696897326.650
G27     12488986.842    -11860546.452     20011638.438   2187821305654.833
G27     18829933.611      6061903.632     17760919.945   614013101262.389
G27     23455147.785     12632737.444     -2325894.225   2038133493230.258
G27     12269494.981     12509528.783    -20168650.274   324731575835.966
G27     -5539440.311     18734213.307    -17957837.348   1748851967803.835
G27    -12329114.618     23206322.943      2298376.938   175047779771.704
G27    -12531387.248     11545024.773     20171852.916   1459566426017.099
G27    -13533878.497      6440937.360     21787107.974   1739201899326.891
G27    -18998687.936     -6330791.667     17491447.787   164969269548.729
G27    -23404072.413    -12640535.171     -2773250.123   1589086091418.542
G27    -11960191.151    -12548330.484    -20326937.004   2873604737663.937
G28    -17177339.008     -4216692.727    -19169832.789   2182477993600.422
G28    -22930724.972    -13233919.116      -256428.996   1690359020476.275
G28    -13965379.471    -12901829.978     19099220.913   1058638287783.788
G28      3851605.781    -17707213.006     20068275.564   426917598916.410
G28     12328293.567    -23572115.076      1779427.428   2932723205792.263
G28     12156799.073    -14473338.733    -18109192.196   2301002500791.504
G28     17318434.936      4492206.049    -18983700.796   1669281781944.881
G28     22927072.884     13257494.308        77506.207   1037561079231.640
G28     13643389.817     12915106.252     19330518.726   545442119953.356
G28     -4145484.501     17865147.197     19864084.424   2911645981106.733
G28    -12360551.722     23573350.947      1332665.632   2279925262260.110
G28    -12465826.568     22478586.746     -6335263.451   2559130625973.602
G28    -12173024.455     14179028.236    -18321439.134   1927408047165.873
G29     18327552.522      1386948.768     19152258.884   11577241033.027
G29      9543823.684     12194825.989     21545057.448   237534039958.983
G29      7251509.723     16736881.018     19267681.644   97964644115.587
G29      4613375.389     25372290.111      6276823.886   24130860699.962
G29      1239019.801     21679827.755    -15307532.092   250121059508.290
G29    -12428736.060      9439478.789    -21524328.129   16128348291.473
G29    -25434069.075      4651487.439     -6160234.932   242118810350.105
G29    -21610520.367      1243442.053     15377071.388   8126099133.288
G29     -9351912.507    -12528553.675     21437324.125   73925845916.471
G29     -4590871.209    -25468183.722      5894924.800    123852973.028
G29     -1098567.672    -21484199.778    -15592252.985   65923596758.287
G29     12718791.460     -9274594.820    -21426474.299   291914061814.844
G29     25527101.648     -4629814.587     -5778156.169   57921350598.027
G30    -26644094.510       417437.338      1087453.934   56974345857.003
G30    -17877082.046     -5096929.120     19070952.800   197064273341.024
G30     -9323697.466    -13068192.375     21168543.886   197081365292.629
G30     -5172805.538    -18729168.692     18054203.345   197552585869.076
G30      -445106.572    -26423672.629     -1150295.177   37850063045.245
G30      5422143.608    -17423494.638    -19203823.051   177940125989.995
G30     19148468.732     -4837279.565    -17818089.747   18237595474.016
G30     26629764.156      -384561.714      1409938.573   18725846464.888
G30     17639249.997      5271023.911     19242122.174   158815843178.236
G30      5004481.119     19000591.102     17813221.331   298905906122.987
G30       394821.503     26401381.275     -1588378.307   299394160111.784
G30     -5602277.783     17183394.476    -19369905.145   139691698825.132
G31     24357815.860     -7271098.418      8451272.214    892724047.842
G31     23004665.039     -4150270.228    -13057572.381   8822738434.449
G31     12260820.462      9363816.745    -21607103.837   27047183413.722
G31      7366173.981     23837011.709     -8427324.400   15292382592.996
G31      6016607.338     25082726.599      5183605.336   24696268122.544
G31      3622465.519     22419775.787     13360664.439   12927903251.388
G31    -10390076.951     11679982.735     21495972.979   20857811027.064
G31    -24503105.213      7250506.329      8046390.681   9103010206.338
G31    -22850280.469      4021887.509    -13360440.198   17032968310.578
G31    -12108898.332     -9657049.577    -21558264.180   5278167489.852
G31     -7340853.890    -23966346.464     -8068818.865   23502612469.126
G31     -3503302.624    -22285505.458     13618688.249   1453268191.206
G32     17730834.543     -8532706.755    -17717215.195   1407288018464.766
G32     14805665.059     10119669.777    -19573319.117   2691810681070.474
G32     16339432.592     20959376.204     -1681641.724   1118006493038.343
G32      8565373.154     17797010.807     17879668.810   2402521122923.424
G32     -9963652.828     14882412.254     19630507.070   689119205529.131
G32    -20786645.479     16339169.047      1655723.642   2113239597497.001
G32    -19328164.318     12324609.566    -13240975.460   2114361054549.013
G32    -17619516.211      8227392.354    -17971742.328   539438949583.681
G32    -14819308.713    -10427501.299    -19402788.969   1823954025731.018
G32    -16326047.857    -20994919.593     -1349382.442   110544075616.098
G32     -8262548.716    -17685405.263     18130282.289   1534668483944.282
G32     10225665.162    -14893945.684     19484759.702   2819183113829.362
